0.0413
0.0347
0.0391
0.0432
0.0408
0.0376
0.0466
0.0295
0.0415
0.042
0.0332
0.042
0.0315
0.0391
0.0405
0.0378
0.0332
0.0342
0.0425
0.0354
0.0308
0.0408
0.0374
0.041
0.0481
0.0356
0.0308
0.0386
0.032
0.0347
0.0361
0.0344
0.0378
0.0383
0.0371
0.0369
0.0342
0.0403
0.032
0.0354
0.0398
0.0403
0.0369
0.0354
0.0391
0.0398
0.0383
0.0442
0.04
0.0393
0.0344
0.041
0.0383
0.0396
0.0369
0.0374
0.0364
0.0334
0.0432
0.0364
0.0369
0.0386
0.0386
0.0393
0.0342
0.0403
0.033
0.0374
0.0376
0.0398
0.0354
0.0374
0.0354
0.0334
0.0405
0.04
0.0342
0.0322
0.0337
0.0354
0.0344
0.0386
0.0376
0.0403
0.0305
0.0427
0.0393
0.0393
0.0391
0.0391
0.0317
0.0391
0.0417
0.0374
0.0339
0.0376
0.0356
0.0439
0.0388
0.0403
0.0361
0.0344
0.0396
0.0388
0.0383
0.0442
0.0364
0.0342
0.0432
0.0378
0.0356
0.0378
0.0427
0.0378
0.0408
0.0413
0.0444
0.0347
0.0349
0.0378
0.0403
0.0378
0.0425
0.0349
0.0322
0.0359
0.04
0.0339
0.0339
0.0391
0.0396
0.0371
0.0374
0.0432
0.0374
0.0396
0.0378
0.0342
0.0344
0.0369
0.042
0.0334
0.0413
0.0347
0.0383
0.04
0.033
0.0435
0.0391
0.04
0.0398
0.0344
0.0354
0.0391
0.0479
0.0415
0.0413
0.0364
0.0361
0.0396
0.0359
0.0432
0.0332
0.0366
0.0383
0.0349
0.0349
0.041
0.0405
0.0315
0.0317
0.0383
0.0383
0.0361
0.0332
0.0391
0.0393
0.0435
0.0425
0.0359
0.0369
0.0422
0.0364
0.0398
0.0364
0.0364
0.0435
0.042
0.0415
0.0281
0.0361
0.0347
0.0378
0.0388
0.0366
0.0349
0.0405
0.0403
0.0374
0.0352
0.0366
0.0369
0.0371
0.0398
0.0383
0.0295
0.0388
0.0366
0.0398
0.0396
0.0371
0.0378
0.0383
0.032
0.0386
0.0308
0.0312
0.0393
0.0383
0.0337
0.0386
0.04
0.0378
0.0369
0.043
0.0398
0.0413
0.0366
0.0398
0.0369
0.0381
0.0352
0.0422
0.0364
0.0432
0.0427
0.041
0.0364
0.0339
0.0349
0.0437
0.0393
0.041
0.033
0.04
0.0474
0.0422
0.0449
0.0386
0.0347
0.04
0.0386
0.043
0.0432
0.0403
0.0405
0.0349
0.0361
0.0342
0.0386
0.0396
0.0381
0.0371
0.0366
0.0371
0.0378
0.0322
0.0361
0.0398
0.0422
0.0359
0.0352
-0.023
-0.085
-0.115
-0.084
0.0269
0.0962
0.1577
0.1353
0.082
0.0295
-0.024
-0.065
-0.058
-0.026
-0.006
-0.03
-0.063
-0.039
0.0034
0.0056
-0.012
0.1062
0.0623
0.0322
0.0811
0.0928
0.1069
0.1104
0.1418
0.1985
0.2969
0.2673
0.176
0.1018
0.0212
-
0.0005
0.0188
0.0344
0.0227
0.0144
0.0271
0.0454
0.0461
0.019
-0.01
0.0112
-0.016
0.0054
0.0242
0.0732
0.0579
0.0872
0.1052
0.0559
0.0178
0.0042
0.009
0.0378
0.105
0.1106
0.0422
0.009
-0.035
0.0171
-0.004
0.0498
0.0281
0.0127
0.0281
-0.001
0.0083
-0.002
0.0071
0.0251
0.0464
0.0696
0.0759
0.0759
0.0718
0.0574
0.0491
0.054
0.0613
0.0464
0.0366
0.0229
0.0173
0.0061
0.0344
0.0161
0.02
0.0657
0.1057
0.1729
0.1375
-0.056
-0.166
-0.196
-0.227
-0.206
-0.233
-0.236
-0.1
0.1648
0.2087
0.1819
0.0857
0.0833
0.1025
0.022
-0.024
0.0244
0.0957
0.1187
0.1179
0.084
0.0884
0.1057
0.0964
0.0737
0.0898
0.0813
0.0928
0.063
0.0698
0.0862
0.0378
-0.002
-0.039
-0.037
-0.059
-0.091
-0.109
-0.091
-0.067
-0.044
0.0061
0.0654
0.0881
0.1042
0.103
0.0759
0.0693
0.0889
0.0977
0.0955
0.1013
0.0469
0.0706
0.072
0.0999
0.1272
0.1572
0.1536
0.2246
0.0479
-0.008
0.0957
0.1228
0.0569
0.0547
0.1077
0.103
0.1021
0.1045
0.1707
0.1838
0.1663
0.2439
0.2893
0.3774
0.3635
0.3425
0.2849
0.2241
0.1643
0.1113
0.0867
0.0889
0.0977
0.0828
0.0706
0.051
0.0232
0.0107
0.0137
0.0164
0.0706
0.1013
0.1279
0.1257
0.1404
0.1711
0.2317
0.2734
0.3164
0.3333
0.3718
0.396
0.4175
0.4546
0.4604
0.5024
0.5164
0.5327
0.5496
0.5461
0.5498
0.5471
0.5217
0.5059
0.4773
0.4546
0.4236
0.4106
0.3865
0.3811
0.3728
0.3445
0.3533
0.3604
0.3552
0.3325
0.3274
0.2981
0.291
0.2659
0.2483
0.2222
0.2061
0.1877
0.1819
0.168
0.166
0.1646
0.197
0.1665
0.1719
0.1404
0.1355
0.1016
0.0977
0.0684
0.05
0.0325
0.0083
-0.039
-0.073
-0.095
-0.128
-0.148
-0.186
-0.205
-0.24
-0.274
-0.326
-0.367
-0.43
-0.469
-0.538
-0.586
-0.641
-0.701
-0.733
-0.784
-0.807
-0.846
-0.861
-0.903
-0.913
-0.942
-0.926
-0.921
-0.902
-0.872
-0.841
-0.793
-0.798
-0.779
-0.773
-0.755
-0.703
-0.653
-0.629
-0.528
-0.431
-0.318
-0.25
-0.129
-0.065
0.0393
0.1011
0.2029
0.2451
0.3274
0.3994
0.438
0.5491
0.6123
0.7183
0.7725
0.9121
0.9465
0.9404
0.9995
1.054
1.123
1.132
1.21
1.318
1.392
1.475
1.558
1.601
1.698
1.749
1.752
1.74
1.743
1.763
1.788
1.785
1.752
1.705
1.674
1.616
1.582
1.548
1.508
1.423
1.328
1.263
1.17
1.112
1.031
0.9907
0.938
0.8938
0.8462
0.8113
0.7231
0.708
0.6758
0.6431
0.5911
0.5334
0.4961
0.4185
0.4094
0.291
0.2192
0.019
0.1396
-0.058
-0.172
-0.204
-0.319
-0.396
-0.374
-0.754
-0.705
-0.711
-0.954
-0.884
-0.917
-1.01
-1.13
-1.19
-1.22
-1.25
-1.26
-1.28
-1.26
-1.26
-1.26
-1.27
-1.26
-1.25
-1.22
-1.2
-1.16
-1.14
-1.08
-1.03
-0.967
-0.881
-0.822
-0.673
-0.645
-0.513
-0.444
-0.325
-0.225
-0.064
0.05
0.2161
0.375
0.49
0.6421
0.7466
0.887
0.9739
1.088
1.161
1.254
1.335
1.449
1.497
1.607
1.682
1.748
1.827
1.865
1.934
1.945
1.997
2.046
2.057
2.062
2.065
2.069
2.056
2.021
1.985
1.891
1.829
1.733
1.648
1.535
1.468
1.315
1.185
1.062
0.918
0.8203
0.6675
0.5447
0.3538
0.2717
0.2031
0.1699
0.0239
-0.171
-0.272
-0.529
-0.713
-0.83
-0.887
-0.992
-1.15
-1.2
-1.22
-1.29
-1.36
-1.35
-1.39
-1.4
-1.39
-1.38
-1.35
-1.32
-1.33
-1.32
-1.3
-1.3
-1.29
-1.25
-1.23
-1.18
-1.14
-1.09
-1.05
-1.03
-0.989
-0.92
-0.843
-0.776
-0.68
-0.622
-0.503
-0.391
-0.318
-0.1
-0.021
0.0901
0.252
0.3516
0.5312
0.6907
0.8042
0.9487
1.041
1.234
1.344
1.537
1.608
1.771
1.794
1.89
1.97
2.008
2.035
2.04
2.031
2.022
1.985
1.959
1.906
1.865
1.776
1.691
1.635
1.545
1.471
1.358
1.273
1.169
1.08
0.9795
0.8538
0.7139
0.6265
0.446
0.2561
0.1736
-0.022
-0.13
-0.324
-0.439
-0.694
-0.695
-0.868
-0.976
-1.15
-1.3
-1.41
-1.48
-1.55
-1.58
-1.58
-1.56
-1.54
-1.52
-1.49
-1.41
-1.33
-1.3
-1.24
-1.2
-1.15
-1.11
-1.05
-1.01
-0.921
-0.833
-0.763
-0.589
-0.548
-0.418
-0.339
-0.191
-0.088
0.0759
0.1992
0.3809
0.5205
0.7031
0.9004
0.9871
1.162
1.241
1.434
1.529
1.682
1.766
1.902
1.987
2.062
2.123
2.138
2.106
2.066
1.991
1.912
1.787
1.72
1.652
1.606
1.527
1.447
1.411
1.295
1.221
1.091
0.9998
0.8618
0.7314
0.5544
0.439
0.2358
0.0273
-0.104
-0.259
-0.374
-0.54
-0.621
-0.796
-0.88
-1.06
-1.2
-1.35
-1.47
-1.54
-1.37
-1.41
-1.43
-1.35
-1.36
-1.34
-1.3
-1.25
-1.18
-1.16
-1.08
-1.01
-0.958
-0.9
-0.855
-0.85
-0.795
-0.734
-0.625
-0.606
-0.597
-0.438
-0.362
-0.245
-0.104
0.0251
0.2014
0.3225
0.5132
0.6235
0.7544
0.8613
1.005
1.161
1.29
1.466
1.556
1.676
1.736
1.829
1.843
1.835
1.814
1.77
1.709
1.669
1.615
1.57
1.505
1.435
1.333
1.267
1.147
1.087
0.9697
0.8206
0.7751
0.6875
0.6367
0.542
0.5022
0.4492
0.3875
0.3042
0.2473
0.1741
0.0444
-0.003
-0.135
-0.223
-0.276
-0.354
-0.416
-0.477
-0.547
-0.61
-0.646
-0.582
-0.621
-0.604
-0.568
-0.506
-0.515
-0.482
-0.539
-0.406
-0.417
-0.495
-0.496
-0.636
-0.439
-0.375
-0.1
-0.101
0.0735
0.0942
0.1494
0.2114
0.1956
0.2544
0.2734
0.3154
0.3044
0.2766
0.113
0.0491
0.0105
-0.076
-0.012
-0.005
0.0942
0.1875
0.2654
0.3552
0.3425
0.4087
0.3997
0.2646
0.3928
0.3564
0.2883
0.1899
0.262
0.1938
0.0632
-0.022
0.0234
0.104
0.1248
0.1455
0.1907
0.1191
0.083
0.1016
0.0476
0.0486
0.0535
0.1021
0.1655
0.1953
0.3083
0.429
0.4705
0.4509
0.4199
0.3677
0.196
-4
-0.177
-0.334
0.0388
0.4958
0.1692
-1.44
-2.13
-1.58
-0.916
-0.726
-0.142
0.0647
0.4111
0.4453
0.3928
-0.355
-0.125
-0.898
-1.04
-0.63
-0.497
-0.471
-0.49
-0.538
-0.51
-0.575
-0.41
-0.353
-0.181
0.1204
0.3411
0.4275
0.4692
0.3904
0.2769
0.2185
0.1917
0.1619
0.1099
0.124
0.1348
0.2681
0.231
0.071
-0.042
-0.172
-0.159
0.2158
0.1812
0.0557
0.0608
0.0876
0.0911
0.0923
0.0474
0.0339
-0.011
-0.041
-0.103
-0.125
-0.147
-0.133
-0.13
-0.113
-0.112
-0.071
-0.053
0.0042
0.0247
0.0618
0.0803
0.0947
0.1021
0.1125
0.1189
0.1428
0.1812
0.1897
0.1531
0.1411
0.0957
0.1116
1.11
0.1323
-0.362
-0.284
0.2764
0.5383
0.4167
1.331
1.686
0.9905
0.6948
0.4749
0.5571
0.4866
0.3501
0.073
-0.033
-0.064
0.0879
0.2124
0.3345
0.406
0.4573
0.5447
0.5508
0.572
0.6199
0.6682
0.6509
0.5923
0.5559
0.5417
0.5312
0.5408
0.5415
0.512
0.4585
0.5051
0.2395
0.0063
-0.328
-0.44
-0.527
-0.541
-0.559
-0.512
-0.452
-0.355
-0.322
-0.255
-0.233
-0.21
-0.177
-0.113
-0.103
-0.045
-0.035
0.009
0.0122
0.0139
0.0217
0.0056
-0.031
-0.076
-0.06
-0.062
0.0417
0.0693
0.0422
-0.061
-0.079
-0.084
-0.086
-0.028
-0.001
0.0583
0.0562
0.042
0.0291
0.0063
-0.003
-0.013
-0.014
-0.017
-0.008
0.0059
0.0344
0.0493
0.0615
0.0698
0.0828
0.0969
0.0964
0.1091
0.114
0.165
0.175
0.2266
0.2639
0.3181
0.3518
0.4011
0.4919
0.5466
0.6194
0.6409
0.6489
0.6533
0.657
0.6455
0.6096
0.5884
0.5688
0.5671
0.5867
0.6055
0.623
0.624
0.7734
0.5811
0.3445
0.356
0.4185
0.4712
0.4504
0.4353
0.4058
0.3921
0.3831
0.325
0.3071
0.2446
0.1599
0.0801
-0.063
-0.198
-0.3
-0.402
-0.488
-0.518
-0.614
-0.597
-0.631
-0.607
-0.583
-0.528
-0.483
-0.469
-0.454
-0.476
-0.486
-0.496
-0.511
-0.512
-0.508
-0.498
-0.487
-0.504
-0.614
-0.643
-0.602
-0.638
-0.625
-0.442
-0.362
-0.302
-0.248
-0.174
-0.177
-0.2
-0.073
-0.081
-0.007
0.0493
0.1494
0.2185
0.2959
0.363
0.3933
0.4424
0.4536
0.4856
0.5146
0.5417
0.5481
0.5593
0.561
0.5347
0.4956
0.5603
0.5422
0.4768
0.4077
0.3611
0.1274
0.2178
0.2256
0.1785
0.0835
0.0603
0.0454
0.0366
0.0227
0.0173
0.0601
0.1436
0.2004
0.2795
0.4473
0.3625
0.3645
0.4597
0.3838
0.373
0.2654
0.2532
0.2031
0.186
0.1719
0.1692
-0.759
0.4453
0.0454
0.5076
3.681
-1.15
-1.71
-1.69
-1.22
-1.38
-0.748
-0.163
-0.164
0.009
0.3235
0.332
0.1545
0.1448
-0.047
-0.2
-0.419
-0.419
-0.376
-0.338
-0.273
-0.185
-0.08
0.0146
0.0586
0.1252
-0.144
0.0803
0.5188
0.4907
1.493
2.648
0.1221
-0.349
0.0249
-0.07
-0.203
-0.433
-0.394
-0.249
-0.201
-0.416
-0.472
-0.398
-0.39
-0.437
-0.475
-0.368
0.1638
1.358
0.4844
-0.319
-0.111
0.0144
-0.021
0.0671
0.1587
0.3
0.2695
0.1863
-0.027
-0.099
-0.035
0.0273
0.0513
0.0574
0.1104
0.1648
0.1572
0.0613
-0.031
-0.018
0.0366
0.0312
-0.022
-0.009
0.0117
0.0315
0.0557
0.0591
0.0508
0.0623
0.115
0.1228
0.1064
0.1001
0.0935
0.1108
0.2371
0.2888
0.269
0.2273
0.2068
0.1492
0.0725
-0.037
-0.128
-0.369
-0.49
-0.525
-0.466
-0.397
-0.32
-0.205
-0.076
-0.015
0.0542
0.0769
0.1062
0.095
0.0547
0.0298
0.0239
-0.026
-0.057
-0.108
-0.111
-0.123
-0.132
-0.146
-0.139
-0.136
-0.127
-0.125
-0.121
-0.13
-0.12
-0.118
-0.132
-0.134
-0.107
-0.095
-0.055
-0.036
-0.006
0.0195
0.0713
0.1243
0.1775
0.2532
0.301
0.3621
0.3882
0.4275
0.4526
0.4866
0.511
0.5828
0.5627
0.5627
0.5564
0.5427
0.5361
0.5312
0.4971
0.5947
0.5513
0.4551
0.3542
0.3147
0.3054
0.2522
0.2458
0.2407
0.2141
0.1479
0.0776
-0.074
-0.184
-0.399
-0.525
-0.71
-0.83
-0.884
-0.91
-0.92
-0.915
-0.919
-0.925
-0.939
-0.94
-0.936
-0.94
-0.913
-0.897
-0.777
-0.7
-0.628
-0.562
-0.435
-0.362
-0.351
-0.311
-0.302
-0.265
-0.174
-0.047
0.04
0.1501
0.2251
0.3499
0.4246
0.5227
0.5605
0.6919
0.635
0.5962
0.738
0.8955
1.029
1.063
1.195
1.285
1.361
1.377
1.415
1.405
1.389
1.388
1.391
1.358
1.337
1.271
1.227
1.122
1.076
1.028
0.9863
0.9783
0.8887
0.8667
0.7812
0.6978
0.5654
0.4695
0.2751
0.197
0.0403
-0.05
-0.243
-0.399
-0.552
-0.586
-0.624
-0.745
-0.882
-1.14
-1.13
-0.975
-1.15
-1.38
-1.34
-1.44
-1.49
-1.51
-1.5
-1.49
-1.49
-1.47
-1.38
-1.36
-1.35
-1.36
-1.36
-1.44
-1.43
-1.36
-1.3
-1.18
-1.08
-0.967
-0.904
-0.766
-0.728
-0.639
-0.567
-0.515
-0.397
-0.339
-0.267
-0.18
-0.215
-0.126
-0.026
0.1089
0.1726
0.3062
0.3772
0.5129
0.6223
0.738
0.8955
1.117
1.205
1.291
1.331
1.44
1.519
1.594
1.689
1.74
1.848
1.862
1.903
1.897
1.855
1.891
1.678
1.685
1.513
1.438
1.357
1.194
1.146
1.049
0.9597
0.9404
0.8616
0.7385
0.771
0.5127
0.5137
0.4443
0.2764
0.2336
0.1045
-0.029
-0.134
-0.117
-0.396
-0.437
-0.76
-1.08
-0.659
-0.693
-0.926
-1.15
-1.16
-1.34
-1.44
-1.5
-1.53
-1.64
-1.67
-1.72
-1.72
-1.63
-1.65
-1.69
-1.65
-1.64
-1.64
-1.6
-1.56
-1.53
-1.47
-1.4
-1.35
-1.28
-1.23
-1.13
-1.02
-0.997
-0.833
-0.707
-0.642
-0.547
-0.365
-0.329
-0.179
-0.073
0.0334
0.0215
0.1692
0.3984
0.4238
0.5427
0.6208
0.821
0.8472
1.083
1.191
1.271
1.378
1.558
1.644
1.772
1.859
1.975
2.052
2.114
2.069
2.114
1.951
1.976
1.83
1.691
1.669
1.579
1.538
1.454
1.413
1.292
1.235
1.163
1.084
1.04
0.9846
0.8394
0.7952
0.6692
0.5693
0.4856
0.3557
0.2612
0.0801
-0.118
-0.106
-0.206
-0.49
-0.439
-0.859
-1.42
-0.855
-0.598
-1.16
-1.13
-1.31
-1.39
-2.03
-1.61
-1.68
-1.74
-1.87
-1.83
-1.8
-1.79
-1.81
-1.81
-1.8
-1.79
-1.76
-1.7
-1.64
-1.59
-1.56
-1.51
-1.45
-1.37
-1.32
-1.19
-1.18
-1.05
-0.947
-0.847
-0.761
-0.575
-0.483
-0.351
-0.147
-0.068
-0.023
0.1023
0.478
0.4526
0.6658
0.7124
1.035
1.141
1.295
1.449
1.412
1.684
1.735
1.851
1.951
2.044
2.167
2.199
2.33
2.329
2.475
2.353
2.369
2.301
2.228
2.128
1.956
1.852
1.734
1.585
1.488
1.342
1.28
1.23
1.139
0.9792
0.9331
0.8093
0.7646
0.6575
0.5986
0.3276
0.1653
-0.124
-0.316
-0.487
-0.996
-1.49
-1.1
-0.799
-1.28
-1.51
-1.97
-1.97
-2.12
-2.15
-2.05
-2.03
-2.05
-1.94
-1.86
-1.86
-1.89
-1.89
-1.86
-1.84
-1.81
-1.76
-1.7
-1.68
-1.61
-1.55
-1.44
-1.37
-1.26
-1.13
-1.09
-0.881
-0.855
-0.752
-0.692
-0.519
-0.475
-0.274
-0.112
0.0273
-0.004
0.3005
0.5332
0.7029
0.7471
0.9956
1.334
1.41
1.635
1.749
2.049
2.098
2.329
2.436
2.576
2.686
2.728
2.809
2.831
2.67
2.659
2.472
2.373
2.16
1.985
1.849
1.698
1.561
1.443
1.326
1.228
1.226
0.9944
0.8762
0.7952
0.6836
0.6125
0.4368
0.3777
0.0989
-0.015
-0.351
-0.369
-0.63
-0.769
-1.38
-1.57
-1.32
-1.42
-1.65
-1.92
-2.07
-2.25
-2.26
-2.22
-2.27
-2.08
-2.04
-2
-1.9
-1.85
-1.81
-1.78
-1.73
-1.68
-1.6
-1.51
-1.41
-1.33
-1.22
-1.14
-1.02
-0.896
-0.811
-0.71
-0.572
-0.516
-0.386
-0.306
-0.219
-0.211
-0.148
-0.016
0.3669
0.2549
0.3831
0.531
0.7964
0.9209
1.098
1.24
1.594
1.682
1.94
2.236
2.362
2.603
2.718
2.971
3.062
3.192
3.246
3.136
3.115
2.946
2.754
2.587
2.368
2.237
2.013
1.914
1.769
1.571
1.392
1.255
1.035
0.895
0.6448
0.3452
0.0537
-0.564
-0.485
-0.977
-1.26
-1.91
-2.33
-1.81
-1.52
-2.07
-2.36
-2.38
-2.62
-2.53
-2.54
-2.44
-2.48
-2.48
-2.39
-2.33
-2.31
-2.3
-2.29
-2.24
-2.23
-2.19
-2.1
-1.95
-1.89
-1.65
-1.56
-1.29
-1.11
-0.884
-0.685
-0.515
-0.209
-0.029
0.1257
0.2961
0.6543
0.8853
1.155
1.633
1.912
2.211
2.473
2.867
3.135
3.275
3.402
3.545
3.599
3.64
3.61
3.536
3.352
3.219
2.94
2.787
2.54
2.38
2.135
2.003
1.852
1.589
1.355
1.046
0.9482
0.4749
0.272
-0.254
-0.523
-1.11
-1.1
-1.82
-2.45
-2.07
-2.36
-2.75
-2.87
-3.23
-3.47
-3.5
-3.48
-3.46
-3.42
-3.38
-3.3
-3.14
-3.06
-2.87
-2.75
-2.54
-2.41
-2.14
-1.97
-1.52
-1.4
-0.96
-0.623
-0.547
-0.094
0.3137
0.5232
0.8242
1.335
1.622
2.274
2.49
2.971
3.191
3.496
3.764
3.839
4
4
4
4
4
3.993
3.843
3.703
3.431
3.17
2.97
2.631
2.466
2.03
1.729
1.323
1.056
0.6138
0.448
0.0857
-0.297
-0.859
-0.818
-1.09
-1.63
-1.93
-2.82
-2.14
-2.08
-2.46
-3.03
-3.17
-3.44
-3.59
-3.64
-3.63
-3.61
-3.56
-3.51
-3.36
-3.28
-3.15
-2.92
-2.82
-2.59
-2.33
-2.08
-1.8
-1.36
-1.25
-0.642
-0.354
-0.076
0.1633
0.8567
1.194
1.542
2.088
2.469
3.053
3.556
4
4
4
4
4
4
4
4
4
4
4
3.846
3.471
2.994
2.524
1.953
1.491
1.133
0.6165
0.2256
-0.311
-1.01
-0.775
-2
-1.34
-1.9
-1.79
-2.88
-3.51
-3.41
-3.72
-3.86
-3.89
-4
-3.86
-3.52
-3.44
-3.4
-3.35
-3.29
-3.29
-3.24
-3.03
-2.94
-2.71
-2.45
-2.16
-1.94
-1.68
-0.937
-0.749
-0.29
0.1575
0.7375
1.01
1.461
1.991
2.982
3.192
3.771
4
4
4
4
4
4
4
4
4
4
4
3.913
3.534
3.058
2.593
1.963
1.489
0.9053
0.4763
-0.008
-0.377
-0.808
-1.31
-1.42
-2.06
-2.68
-2
-2.58
-2.66
-3.4
-3.33
-3.55
-3.69
-3.72
-3.81
-3.63
-3.59
-3.6
-3.49
-3.22
-3.11
-2.9
-2.69
-2.44
-2.31
-2.04
-1.61
-1.29
-1.16
-0.706
-0.409
-0.095
0.6116
0.8499
1.47
2.165
2.677
3.55
3.753
4
4
4
4
4
4
4
4
4
4
4
3.802
3.333
2.644
2.231
1.427
1.052
0.5076
0.1704
-0.281
-0.749
-1.09
-1.63
-1.81
-2.21
-2.49
-2.94
-3.1
-3.69
-3.12
-3.19
-3.47
-3.48
-3.39
-3.44
-3.31
-3.18
-2.97
-2.82
-2.61
-2.47
-2.16
-1.97
-1.82
-1.46
-1.35
-1.11
-0.797
-0.383
-0.073
0.4243
0.8479
1.539
1.94
2.353
2.759
3.142
3.623
3.699
4
4
4
4
4
4
4
4
4
3.59
3.205
2.758
2.348
1.692
1.371
0.8403
0.3625
-0.013
-0.569
-0.853
-1.7
-1.67
-2.45
-2.92
-3.11
-2.93
-3.3
-3.68
-3.59
-3.71
-3.72
-3.58
-3.5
-3.3
-3.22
-3
-2.89
-2.6
-2.34
-2.15
-1.73
-1.62
-1.39
-1.19
-0.841
-0.605
-0.381
-0.117
0.3809
1.192
1.418
1.988
2.41
3.228
3.516
4
4
4
4
4
4
4
4
4
4
4
4
3.677
2.946
2.424
1.792
1.453
0.8584
0.103
-0.322
-1.38
-1.93
-1.64
-2.27
-2.95
-3.46
-4
-4
-4
-4
-4
-4
-4
-3.85
-3.66
-3.57
-3.48
-3.3
-3.29
-3.24
-3.19
-3.13
-2.91
-2.77
-2.4
-2.23
-1.59
-1.11
-0.79
-0.328
0.3254
0.6033
1.263
1.882
2.323
3.017
3.688
4
4
4
4
4
4
4
4
4
4
4
4
3.923
3.341
2.94
2.393
1.894
1.498
0.9692
0.719
0.1416
-0.211
-0.838
-1.26
-1.96
-2.63
-2.63
-3.2
-3.49
-3.73
-3.84
-3.89
-3.74
-3.66
-3.5
-3.35
-3.31
-3.21
-3.07
-2.92
-2.74
-2.54
-2.27
-1.98
-1.77
-1.56
-1.22
-0.94
-0.555
-0.288
0.1912
0.7759
1.128
1.731
2.028
2.608
3.107
3.749
4
4
4
4
4
4
4
4
4
4
4
4
3.151
2.735
1.87
1.208
0.6519
-0.19
-0.899
-2.03
-2.44
-3.87
-3.47
-3.48
-3.95
-4
-4
-4
-3.93
-3.91
-3.57
-3.47
-3.32
-3.29
-3.18
-3.1
-3.04
-2.99
-2.94
-2.82
-2.78
-2.58
-2.31
-1.93
-1.6
-1.22
-1.04
-0.607
-0.237
-0.027
0.6562
1.071
2.058
2.703
3.496
3.97
4
4
4
4
4
4
4
4
4
4
4
4
3.721
3.188
2.904
2.425
1.946
1.472
0.9111
0.5811
-0.19
-0.559
-1.38
-1.79
-2.63
-2.7
-3.29
-3.6
-3.78
-4
-4
-3.9
-3.8
-3.46
-3.44
-3.49
-3.44
-3.32
-3.18
-2.98
-2.71
-2.54
-2.07
-1.89
-1.54
-1.28
-0.968
-0.706
-0.398
0.0217
0.3972
0.9121
1.346
1.865
2.325
3.188
3.605
4
4
4
4
4
4
4
4
4
4
4
3.787
3.391
2.848
2.539
1.737
1.075
0.627
-0.163
-0.729
-1.52
-2.03
-2.88
-2.91
-3.32
-3.8
-4
-3.56
-3.51
-3.71
-3.47
-3.28
-3.28
-3.15
-3.01
-2.76
-2.55
-2.35
-2.05
-1.93
-1.68
-1.37
-1.24
-0.991
-0.741
-0.556
-0.186
0.1082
0.6228
1.09
1.572
2.089
2.285
2.929
3.183
3.664
4
4
4
4
4
4
4
4
4
4
3.983
3.592
3.035
2.797
2.234
1.962
1.544
0.884
0.4834
-0.325
-1.07
-1.89
-2.61
-2.35
-2.08
-3.29
-3.41
-3.56
-3.76
-3.8
-3.79
-3.77
-3.68
-3.69
-3.56
-3.51
-3.47
-3.43
-3.33
-3.23
-3.05
-2.83
-2.64
-2.26
-2
-1.63
-1.37
-0.942
-0.807
-0.284
0.3303
0.2766
1.255
1.861
2.453
3.297
3.88
4
4
4
4
4
4
4
4
4
4
4
4
3.728
3.372
3.013
2.691
2.219
1.639
1.042
0.1047
-0.723
-1.67
-2.76
-2.27
-2.56
-3.53
-3.79
-4
-4
-4
-4
-4
-3.8
-3.5
-3.28
-3.11
-2.97
-2.83
-2.64
-2.5
-2.49
-2.42
-2.37
-2.22
-2.14
-1.84
-1.61
-1.17
-0.899
-0.411
-0.375
0.0728
0.9512
0.9036
1.064
1.776
1.999
2.22
3.038
3.59
4
4
4
4
4
4
4
3.834
3.698
3.56
3.451
3.274
3.096
2.888
2.615
2.396
2.079
1.719
1.236
0.9832
0.5708
0.3254
0.0474
-0.292
-0.425
-0.885
-0.966
-1.57
-1.64
-1.92
-2.05
-1.67
-1.69
-1.8
-1.96
-2.09
-2.11
-2.12
-2.15
-2.13
-2.11
-2.12
-2.15
-2.18
-2.17
-2.14
-1.76
-1.82
-1.98
-2.24
-2.2
-2.1
-1.94
-1.72
-1.6
-1.35
-1.24
-0.901
-0.708
-0.356
-0.168
0.0513
0.3757
0.7239
1.08
1.524
1.635
2.024
2.243
2.481
2.566
2.773
3.271
4
4
3.712
3.565
3.533
3.474
3.438
3.368
3.277
3.135
3.036
2.852
2.68
2.371
2.093
1.742
1.502
1.22
0.9993
0.8228
0.5918
0.4109
0.0669
-0.101
-0.513
-0.749
-1.07
-1.23
-1.48
-1.87
-2.23
-1.74
-1.79
-2.15
-2.01
-2.67
-2.78
-3.05
-3.11
-3.22
-3.28
-3.29
-3.27
-3.26
-3.23
-3.22
-3.16
-3.12
-3
-2.95
-2.65
-2.5
-2.1
-1.62
-1.36
-0.991
-0.771
-0.599
-0.181
0.178
0.4363
0.9768
1.109
1.523
1.986
2.332
2.952
3.258
3.602
3.784
3.98
4
4
4
4
4
3.967
3.857
3.706
3.42
3.153
2.761
2.477
2.057
1.825
1.516
1.144
0.8914
0.4358
0.1284
-1.04
-0.721
-0.872
-1.41
-1.43
-2.12
-2.87
-3.06
-3.63
-3.91
-4
-4
-4
-4
-4
-4
-4
-4
-4
-4
-4
-4
-3.83
-3.63
-3.14
-3.02
-2.5
-2.16
-1.39
-0.989
-0.749
0.1243
0.1953
0.676
1.372
1.738
2.166
2.756
3.093
3.715
4
4
4
4
4
4
4
4
4
4
4
3.914
3.579
3.159
2.871
2.399
2.128
1.796
1.367
0.9641
0.6648
0.2354
-0.106
-0.661
-1.08
-1.86
-2.61
-3.28
-3.14
-3.32
-4
-4
-4
-4
-4
-4
-4
-4
-4
-4
-4
-3.88
-3.61
-3.24
-2.88
-2.47
-2.1
-1.71
-1.53
-1.23
-0.746
-0.532
-0.135
0.1582
0.4421
0.8127
1.243
1.783
2.436
2.875
3.186
3.439
3.62
3.957
4
4
4
4
4
4
4
3.842
3.583
3.366
2.984
2.684
2.197
1.884
1.413
1.207
0.7439
0.3796
0.1453
-0.114
-0.493
-0.941
-1.42
-1.95
-2.87
-2.56
-2.9
-3.63
-3.96
-4
-4
-4
-4
-4
-4
-4
-4
-4
-4
-3.92
-3.63
-3.36
-3.2
-2.92
-2.6
-2.09
-1.72
-1.35
-1.04
-0.874
-0.332
0.2974
0.9736
1.189
1.924
2.333
3.086
3.492
4
4
4
4
4
4
4
4
4
4
4
3.565
3.017
2.399
2.046
1.781
1.51
1.17
0.8286
0.6919
-0.198
-1.39
-1.41
-1.54
-2.18
-3.09
-2.92
-3.74
-4
-4
-4
-4
-4
-4
-4
-4
-4
-4
-4
-4
-4
-3.95
-3.63
-3.3
-2.89
-2.47
-2.11
-1.66
-1.55
-1.3
-1.19
-0.357
-0.242
0.2993
0.6953
1.73
2.328
3.093
3.62
4
4
4
4
4
4
4
4
4
4
4
4
3.974
3.541
3.118
2.896
2.293
2.045
1.524
1.244
0.709
0.321
-0.74
-1.11
-1.59
-1.76
-2.4
-3.06
-3.22
-4
-4
-4
-4
-4
-4
-4
-4
-4
-4
-4
-4
-4
-4
-3.93
-3.55
-3.38
-2.84
-2.48
-1.62
-1.16
-0.84
-0.729
-0.224
0.8967
1.236
1.985
2.61
3.695
4
4
4
4
4
4
4
4
4
4
4
4
4
3.949
3.389
2.783
2.384
1.698
1.271
-0.093
-0.119
0.0815
-0.637
-0.993
-2.22
-2.84
-3.5
-4
-4
-4
-4
-4
-4
-4
-4
-4
-4
-4
-4
-4
-4
-4
-4
-4
-4
-3.9
-3.48
-3.08
-2.25
-1.67
-1.42
-0.911
-0.595
-0.126
0.7544
1.173
2.258
3.26
3.855
4
4
4
4
4
4
4
4
4
4
4
4
4
4
4
3.605
3.192
2.585
2.213
1.655
1.395
0.8113
-0.217
-0.742
-1.3
-0.992
-2.1
-2.07
-2.75
-3.33
-3.89
-4
-4
-4
-4
-4
-4
-4
-4
-4
-4
-4
-4
-4
-4
-3.94
-3.64
-3.28
-3.05
-2.66
-1.9
-1.44
-1.15
-0.618
-0.434
0.6592
0.9653
1.603
2.238
3.141
3.607
4
4
4
4
4
4
4
4
4
4
4
4
4
4
4
3.798
3.345
2.706
1.915
0.948
0.4404
0.0652
0.0798
-0.914
-2.26
-2.86
-3.79
-4
-4
-4
-4
-4
-4
-4
-4
-4
-4
-4
-4
-4
-4
-4
-4
-4
-4
-3.87
-3.51
-3.04
-2.32
-1.56
-1.26
-1.67
-0.698
0.332
0.6218
1.324
2.233
2.966
3.897
4
4
4
4
4
4
4
4
4
4
4
4
4
4
4
4
3.692
2.837
2.203
1.511
0.7917
-0.531
-1.06
-1.98
-2.59
-3.86
-4
-4
-4
-4
-4
-4
-4
-4
-4
-4
-4
-3.95
-3.76
-3.63
-3.39
-3.18
-2.9
-2.8
-2.52
-2.36
-1.93
-1.75
-1.26
-0.544
-0.164
0.4309
0.7402
1.083
1.35
1.463
1.623
2.166
2.186
2.275
2.292
2.498
2.172
2.259
2.236
2.242
2.096
2
1.788
1.683
1.416
1.282
1.11
0.9509
0.8774
0.7144
0.6184
0.4258
0.322
0.1365
0.0063
-0.158
-0.256
-0.354
-0.435
-0.479
-0.513
-0.542
-0.542
-0.566
-0.573
-0.56
-0.572
-0.549
-0.555
-0.55
-0.572
-0.546
-0.575
-0.526
-0.523
-0.474
-0.449
-0.414
-0.393
-0.382
-0.366
-0.35
-0.33
-0.313
-0.278
-0.253
-0.182
-0.135
-0.075
-0.032
0.0574
0.1226
0.1724
0.23
0.2598
0.322
0.343
0.3547
0.3503
0.3569
0.353
0.355
0.3416
0.3037
0.2671
0.2319
0.1682
0.1331
0.0596
-0.102
0.1069
-0.022
0.0457
-0.115
-0.107
-0.312
-0.401
-0.448
-0.509
-0.637
-0.722
-0.854
-0.928
-0.987
-1.02
-1.07
-1.11
-1.13
-1.16
-1.18
-1.23
-1.25
-1.26
-1.27
-1.28
-1.27
-1.14
-1.04
-0.974
-0.851
-0.774
-0.654
-0.497
-0.431
-0.351
-0.26
-0.138
0.0535
0.1555
0.2451
0.3684
0.4243
0.5269
0.5811
0.6333
0.677
0.6985
0.7158
0.7019
0.73
0.7634
0.7913
0.8394
0.9526
1.061
1.181
1.295
1.427
1.511
1.573
1.633
1.64
1.634
1.605
1.487
1.466
1.401
1.314
1.24
1.169
1.146
1.102
1.078
0.9736
0.8889
0.5793
0.0483
0.4778
0.3757
0.2666
-0.04
0.1357
-0.141
-0.279
-0.493
-0.545
-0.661
-0.777
-0.958
-1.05
-1.14
-1.27
-1.49
-1.59
-1.66
-1.83
-1.89
-2.01
-2.09
-2.14
-2.16
-2.21
-2.22
-2.15
-2.06
-2.04
-1.97
-1.88
-1.67
-1.55
-1.37
-1.26
-1.13
-1.01
-0.898
-0.861
-0.824
-0.833
-0.834
-0.748
-0.709
-0.677
-0.618
-0.521
-0.405
-0.244
-0.095
-0.094
-0.016
0.2136
0.3279
0.2063
0.4812
0.5044
0.626
0.644
0.7874
0.8232
0.8906
0.9746
0.9761
1.021
1.103
1.149
1.13
1.147
1.139
1.129
1.104
1.105
1.093
1.095
1.092
1.096
1.116
1.109
1.118
1.092
1.046
1.033
0.9758
0.9409
0.9236
0.927
0.9712
1.029
1.029
0.8669
0.7678
0.5784
0.5569
0.4106
0.343
0.1919
0.0449
-0.029
-0.558
-0.33
-0.154
-0.394
-0.536
-0.385
-0.172
-0.529
-0.701
-0.749
-0.819
-0.921
-0.973
-1.08
-1.12
-1.23
-1.26
-1.29
-1.34
-1.39
-1.41
-1.43
-1.45
-1.45
-1.43
-1.4
-1.36
-1.31
-1.23
-1.13
-1.03
-0.988
-0.904
-0.846
-0.759
-0.707
-0.607
-0.543
-0.506
-0.494
-0.475
-0.452
-0.395
-0.445
-0.365
-0.376
-0.297
-0.289
-0.264
-0.228
-0.069
0.0437
0.3533
0.3
0.4832
0.519
0.5928
0.5845
0.6411
0.6584
0.6897
0.7812
0.8472
0.8928
0.9424
0.9446
0.9675
0.9209
0.8943
0.8767
0.8474
0.8057
0.7292
0.6765
0.6152
0.594
0.564
0.5623
0.5784
0.5967
0.6145
0.6489
0.6887
0.7356
0.7583
0.7788
0.8115
0.8435
0.8452
0.8552
0.8928
0.9058
0.9004
0.9131
0.8618
0.832
0.7385
0.6973
0.6299
0.5178
0.4932
0.3628
0.3401
0.3484
0.238
-0.398
0.1973
0.2195
0.0291
-0.12
0.0562
-0.184
-0.319
-0.493
-0.602
-0.689
-0.827
-0.95
-1.29
-1.38
-1.56
-1.67
-1.79
-1.88
-1.98
-2.11
-2.11
-2.12
-2.1
-2.02
-1.96
-1.86
-1.79
-1.69
-1.63
-1.54
-1.43
-1.37
-1.19
-1.08
-0.998
-0.962
-0.869
-0.848
-0.795
-0.733
-0.63
-0.675
-0.628
-0.517
-0.435
-0.354
-0.186
-0.114
-0.031
0.1357
0.2532
0.2415
0.3853
0.5769
0.6494
0.7595
0.8101
0.8657
0.8887
0.8921
0.8899
0.887
0.8713
0.825
0.7881
0.8196
0.8025
0.7957
0.7917
0.7847
0.782
0.7939
0.8223
0.8813
0.8982
0.9685
1.014
1.037
1.078
1.084
1.111
1.126
1.186
1.208
1.217
1.198
1.131
1.045
0.9463
0.8359
0.7354
0.6462
0.5811
0.5259
0.4497
0.3875
0.2852
0.2917
-0.449
0.1394
0.1177
-0.211
-0.279
-0.188
-0.276
-0.378
-0.555
-0.627
-0.732
-0.847
-0.932
-1.05
-1.18
-1.28
-1.34
-1.41
-1.45
-1.54
-1.64
-1.74
-1.79
-1.84
-1.92
-1.94
-1.96
-1.94
-1.89
-1.82
-1.69
-1.57
-1.42
-1.2
-1.09
-0.999
-0.883
-0.894
-0.783
-0.753
-0.695
-0.681
-0.663
-0.588
-0.565
-0.484
-0.364
-0.401
-0.331
-0.276
-0.348
-0.159
-0.022
0.1714
0.3489
0.4558
0.7805
0.8838
0.9426
1.002
1.055
1.09
1.105
1.135
1.111
1.233
1.237
1.23
1.181
1.148
1.073
1.013
0.958
0.9441
0.9021
0.8555
0.8699
0.8696
0.9087
0.9363
0.9597
0.9731
0.9521
0.9265
0.8875
0.8738
0.8909
0.8733
0.8689
0.8857
0.877
0.8347
0.7998
0.7554
0.6812
0.679
0.5989
0.6235
0.5757
0.5129
0.4956
0.2944
-0.04
0.2212
0.2639
-0.216
-0.024
0.0225
0.1841
-0.158
-0.341
-0.452
-0.483
-0.556
-0.748
-0.905
-1.32
-1.38
-1.47
-1.67
-2.04
-2.14
-2.31
-2.35
-2.44
-2.62
-2.72
-2.8
-2.79
-2.77
-2.71
-2.58
-2.42
-2.18
-2.01
-1.75
-1.37
-1.15
-0.815
-0.71
-0.45
-0.264
-0.042
0.0664
0.1611
0.282
0.4165
0.531
0.6648
0.6433
0.6355
0.6072
0.6177
0.7312
0.5618
0.6316
0.6763
0.7471
0.8047
0.7148
0.6558
0.5989
0.5735
0.5508
0.53
0.5239
0.512
0.5144
0.5037
0.5251
0.5112
0.4761
0.46
0.4551
0.4355
0.3982
0.4031
0.4194
0.4421
0.5115
0.5022
0.533
0.6123
0.6748
0.7434
0.7107
0.6741
0.6072
0.4856
0.4229
0.2981
0.2227
0.0962
0.0398
0.0359
0.1018
0.1609
0.342
0.4976
0.6577
0.6675
0.416
0.1165
-0.133
-0.453
-0.449
-0.395
-0.474
-0.755
-0.868
-0.927
-0.95
-1.06
-1.09
-1.09
-1.04
-0.995
-0.898
-0.823
-0.7
-0.635
-0.57
-0.531
-0.505
-0.473
-0.461
-0.435
-0.435
0.6223
2.237
-0.294
-1.19
-1.43
-1.07
-1.02
-0.883
-0.808
-0.75
-0.534
-0.341
-0.152
-0.01
0.0659
0.1631
0.1956
0.238
0.2458
0.3745
0.4529
0.5776
0.7397
0.8674
0.9885
1.096
1.24
1.316
1.45
1.545
1.706
1.775
1.834
1.893
1.925
1.936
1.923
1.862
1.796
1.692
1.578
1.442
1.335
1.09
0.949
0.8198
0.656
0.4602
0.6143
0.5623
0.4341
0.5596
0.3772
0.4888
0.1638
0.3003
0.2122
0.2688
0.0884
-0.134
-0.163
-0.086
-0.188
-0.199
-0.207
-0.178
-0.217
-0.302
-0.533
-0.706
-1.06
-1.29
-1.59
-1.88
-2.05
-2.16
-2.31
-2.29
-2.28
-2.29
-2.26
-2.17
-2.12
-2.05
-1.99
-1.87
-1.78
-1.64
-1.56
-1.44
-1.31
-1.22
-1.04
-0.954
-0.821
-0.701
-0.681
-0.65
-0.682
-0.626
-0.598
-0.485
-0.428
-0.377
-0.301
-0.199
-0.188
-0.168
-0.142
-0.047
-0.092
-0.032
0.0916
0.1123
0.2104
0.2546
0.4211
0.5107
0.6545
0.7371
0.8621
1.038
1.016
1.053
1.133
1.128
1.165
1.145
1.124
1.149
1.142
1.158
1.158
1.134
1.104
1.102
1.196
1.279
1.351
1.352
1.31
1.309
1.27
1.245
1.209
1.08
1.025
0.8643
0.772
0.6067
0.6548
0.4529
0.4126
0.384
0.2915
0.2402
0.2568
0.2021
0.1965
0.2693
0.2617
0.1992
0.2063
0.1221
0.043
-0.046
-0.205
-0.333
-0.615
-0.829
-0.987
-1.22
-1.37
-1.62
-1.77
-1.95
-2.07
-2.21
-2.28
-2.33
-2.3
-2.26
-2.18
-2.12
-1.98
-1.93
-1.81
-1.7
-1.54
-1.44
-1.3
-1.17
-1.07
-0.888
-0.764
-0.618
-0.48
-0.306
-0.171
-0.033
0.012
0.0276
0.0686
0.1792
0.2371
0.3049
0.3774
0.3472
0.2666
0.2654
0.3196
0.3306
0.3413
0.3389
0.3662
0.3474
0.2952
0.2939
0.3516
0.4272
0.5327
0.6387
0.7698
0.8127
0.9312
1.781
1.966
1.891
1.801
1.984
1.771
1.498
1.139
1.041
0.897
0.73
0.5437
0.4941
0.563
0.5879
0.5593
0.4878
0.4458
0.3606
0.2852
0.1462
0.0994
-0.055
-0.146
-0.206
-0.25
-0.276
-0.289
-0.289
-0.292
-0.285
-0.28
-0.269
-0.27
-0.263
-0.266
-0.283
-0.292
-0.302
-0.309
-0.296
-0.266
-0.183
-0.113
0.0242
0.1799
0.2773
0.4131
0.6321
2.16
2.629
1.679
1.039
0.606
0.4226
0.3301
0.4253
0.499
0.5205
0.4873
0.3293
0.2214
0.0625
-0.019
-0.112
-0.174
-1.03
-1.62
-1.47
-0.937
-0.707
-0.81
-1.09
-1.39
-1.35
-1.16
-1.01
-0.872
-0.751
-0.764
-0.783
-0.773
-0.683
-0.611
-0.464
-0.394
-0.265
-0.091
0.1353
0.3528
0.4136
0.551
0.6123
0.6699
0.6792
0.6816
0.679
0.6838
0.6846
0.6848
0.6702
0.6282
0.5767
0.553
0.5205
0.5083
0.5127
0.4961
0.491
0.4966
0.4661
0.4849
0.4736
0.489
0.4841
0.4302
0.499
0.4854
0.5332
0.5281
0.5283
0.5608
0.5176
0.4431
0.4092
0.3633
0.3032
0.218
0.0891
-0.072
-0.188
-0.22
-0.301
-0.377
-0.423
-0.498
-0.548
-0.692
-0.826
-1.01
-1.2
-1.43
-1.62
-1.88
-2.03
-2.19
-2.22
-2.18
-2.05
-1.94
-1.79
-1.67
-1.51
-1.43
-1.26
-1.13
-0.955
-0.828
-0.713
-0.501
-0.349
-0.146
-0.124
0.0415
0.0674
0.1682
0.207
0.3315
0.3682
0.4426
0.4451
0.4722
0.5571
0.605
0.6965
0.7285
0.7617
0.7473
0.6592
0.5054
-0.011
0.0188
0.5466
1.036
1.027
0.9607
0.95
1.072
1.193
1.195
1.218
1.238
1.315
1.358
1.408
1.428
1.463
1.479
1.464
1.45
1.415
1.373
1.337
1.28
1.196
1.062
0.9453
0.7805
0.6697
0.5137
0.4639
0.3164
0.2627
0.144
0.0825
0.0188
-0.116
-0.223
-0.361
-0.468
-0.503
-0.598
-0.684
-0.757
-0.827
-0.864
-0.912
-0.903
-0.875
-0.815
-0.774
-0.684
-0.623
-0.55
-0.485
-0.377
-0.357
-0.307
-0.261
-0.221
-0.18
-0.157
-0.135
-0.145
-0.199
-0.241
-0.341
-0.414
-0.509
-0.606
-0.652
-0.709
-0.741
-0.784
-0.796
-0.814
-0.819
-0.806
-0.796
-0.793
-0.801
-0.856
-0.909
-0.973
-1.04
-1.05
-1.08
-1.12
-1.09
-1.11
-0.974
-0.984
-0.827
-0.663
-0.542
-0.404
-0.351
-0.286
-0.263
-0.245
-0.219
-0.208
-0.214
-0.175
-0.065
0.0173
0.1919
0.3118
0.5486
0.7102
0.8323
0.8228
0.7256
0.6445
0.3694
0.1289
0.0417
-0.026
-0.044
0.0261
0.095
0.241
0.3359
0.4658
0.4907
0.397
0.3882
0.3657
0.3279
0.2915
0.2805
0.2708
0.2925
0.2756
0.2454
0.1819
0.1777
0.1025
0.0828
-0.04
-0.079
-0.048
-0.064
-0.003
0.0308
0.0618
0.0344
0.0076
0.0137
-0.024
-0.051
-0.031
-0.035
-0.029
-0.055
-0.074
-0.127
-0.146
-0.207
-0.215
-0.222
-0.221
-0.246
-0.057
0.1177
0.3093
0.4021
0.1094
-0.146
-0.382
-0.452
-0.508
-0.559
-0.598
-0.64
-0.685
-0.763
-0.821
-0.914
-0.983
-1.08
-1.11
-1.14
-1.13
-1.09
-1.04
-0.953
-0.876
-0.829
-0.78
-0.772
-0.73
-0.678
-0.646
-0.56
-0.485
-0.452
-0.37
-0.36
-0.316
-0.338
-0.302
-0.256
-0.247
-0.209
-0.245
-0.227
-0.316
-0.332
-0.413
-0.447
-0.471
-0.571
-0.516
-0.479
-0.349
-0.284
-0.157
-0.021
0.0713
0.1931
0.3167
0.4058
0.5183
0.5154
0.5659
0.5972
0.6401
0.6694
0.7124
0.7908
0.8679
0.9194
1.112
1.115
1.177
1.169
1.211
1.221
1.237
1.257
1.283
1.303
1.294
1.283
1.275
1.251
1.248
1.238
1.215
1.127
1.125
1.06
1.006
0.9878
0.9548
0.9341
0.8706
0.8301
0.782
0.7788
0.7307
0.7278
0.6382
0.5671
0.5527
0.4526
0.4519
0.373
0.3223
0.2224
0.1711
-0.253
0.0916
0.1829
0.01
-0.178
-0.175
-0.235
-0.594
-0.781
-0.834
-0.94
-1.1
-1.25
-1.38
-1.39
-1.42
-1.53
-1.53
-1.53
-1.55
-1.63
-1.66
-1.71
-1.7
-1.6
-1.54
-1.43
-1.34
-1.29
-1.23
-1.19
-1.12
-1.12
-1.09
-1.08
-1.17
-1.15
-1.13
-1.09
-0.971
-0.819
-0.764
-0.73
-0.646
-0.544
-0.495
-0.367
-0.361
-0.28
-0.236
-0.098
-0.066
-0.128
-0.024
0.0181
0.1658
0.1272
0.2896
0.3672
0.4497
0.5801
0.7383
0.7788
0.8301
0.925
0.9585
1.082
1.125
1.163
1.166
1.304
1.332
1.261
1.207
1.174
1.173
1.152
1.134
1.106
1.105
1.103
1.069
1.045
1.043
1.022
0.9983
0.929
0.9282
0.8811
0.8801
0.8862
0.8953
0.9028
0.8677
0.8491
0.8105
0.7739
0.719
0.6616
0.5952
0.5344
0.5122
0.4517
0.4199
0.3652
0.3469
0.2134
-0.052
0.0994
0.0154
-0.178
-0.234
-0.349
-0.145
-0.457
-0.601
-0.723
-0.711
-0.81
-0.919
-1.02
-1.19
-1.26
-1.49
-1.51
-1.6
-1.71
-1.72
-1.73
-1.65
-1.58
-1.58
-1.52
-1.49
-1.42
-1.36
-1.33
-1.29
-1.23
-1.21
-1.17
-1.17
-1.19
-1.13
-1.09
-1.01
-0.987
-0.955
-0.908
-0.877
-0.823
-0.817
-0.798
-0.811
-0.723
-0.721
-0.581
-0.599
-0.552
-0.51
-0.416
-0.39
-0.568
-0.489
-0.267
-0.145
-0.023
0.1233
0.2158
0.2471
0.3442
0.4304
0.4619
0.5303
0.5564
0.5991
0.6733
0.7524
0.8713
0.8962
0.9082
1.042
1.111
1.144
1.184
1.246
1.294
1.335
1.398
1.452
1.473
1.443
1.43
1.431
1.405
1.354
1.32
1.298
1.244
1.219
1.171
1.151
1.133
1.057
1.037
1.016
0.9116
0.8733
0.8452
0.7979
0.7783
0.7405
0.6614
0.6035
0.5972
0.5034
0.5203
0.5112
0.4072
0.3228
0.3633
0.0142
0.0942
0.0283
0.1401
-0.062
0.0117
-0.043
-0.094
-0.19
-0.463
-0.33
-0.363
-0.386
-0.521
-0.562
-0.596
-0.595
-0.734
-0.761
-0.865
-0.936
-1.04
-1.16
-1.23
-1.34
-1.32
-1.33
-1.33
-1.33
-1.38
-1.38
-1.39
-1.41
-1.42
-1.43
-1.44
-1.42
-1.4
-1.36
-1.34
-1.3
-1.27
-1.2
-1.14
-1.13
-1.11
-1.1
-1.1
-1.03
-0.985
-0.912
-0.858
-0.834
-0.741
-0.678
-0.596
-0.508
-0.533
-0.459
-0.393
-0.341
-0.212
-0.372
-0.298
-0.169
-0.102
0.0103
0.0974
0.2637
0.3323
0.5083
0.5244
0.5642
0.625
0.6643
0.7717
0.8379
0.9443
0.9917
1.053
1.107
1.13
1.15
1.211
1.232
1.254
1.319
1.344
1.394
1.414
1.451
1.438
1.395
1.379
1.346
1.333
1.308
1.268
1.236
1.201
1.12
1.105
1.077
1.024
0.9919
0.9309
0.9141
0.8318
0.803
0.731
0.6926
0.6348
0.5847
0.5669
0.5168
0.4856
0.4263
0.3501
0.3093
0.2673
0.1892
0.1526
0.0613
-0.001
0.0002
-0.119
-0.35
-0.217
-0.073
-0.31
-0.365
-0.28
-0.271
-0.36
-0.567
-0.618
-0.759
-0.828
-0.974
-1.14
-1.17
-1.23
-1.25
-1.33
-1.37
-1.43
-1.48
-1.56
-1.58
-1.61
-1.61
-1.61
-1.61
-1.6
-1.6
-1.6
-1.57
-1.54
-1.49
-1.47
-1.45
-1.44
-1.42
-1.38
-1.33
-1.24
-1.23
-1.17
-1.14
-1.09
-1.09
-0.971
-0.952
-0.888
-0.838
-0.765
-0.681
-0.591
-0.519
-0.466
-0.317
-0.307
-0.053
-0.278
0.0452
0.1104
0.252
0.2908
0.4019
0.5239
0.5161
0.656
0.7019
0.8071
0.8347
0.9294
0.9578
1.038
1.131
1.165
1.151
1.189
1.173
1.193
1.219
1.24
1.262
1.269
1.259
1.227
1.203
1.163
1.15
1.111
1.106
1.093
1.085
1.067
1.043
1.028
0.9919
0.9565
0.9045
0.8645
0.8022
0.7729
0.7258
0.6631
0.6543
0.6458
0.5481
0.5378
0.446
0.3945
0.3408
0.238
0.2324
0.1553
0.1282
0.0491
0.0083
-0.097
-0.08
-0.151
-0.195
-0.174
-0.238
-0.246
-0.355
-0.344
-0.468
-0.557
-0.951
-0.727
-0.374
-0.782
-0.766
-0.788
-0.838
-0.912
-0.893
-0.945
-1
-1.1
-1.14
-1.24
-1.29
-1.33
-1.36
-1.39
-1.46
-1.49
-1.51
-1.54
-1.55
-1.56
-1.57
-1.56
-1.56
-1.54
-1.53
-1.49
-1.48
-1.47
-1.46
-1.45
-1.41
-1.36
-1.37
-1.32
-1.29
-1.24
-1.22
-1.25
-1.17
-1.16
-1.08
-1.09
-1.03
-0.951
-0.798
-0.649
-0.62
-0.581
-0.477
-0.323
-0.217
-0.373
-0.22
-0.042
0.0532
0.165
0.322
0.3508
0.3953
0.4116
0.3816
0.3535
0.3188
0.3396
0.2874
0.3799
0.3538
0.4299
0.4614
0.5657
0.5964
0.6885
0.6973
0.7542
0.8171
0.8682
0.9119
0.9768
1.028
1.073
1.107
1.127
1.139
1.142
1.14
1.147
1.117
1.108
1.099
1.093
1.093
1.101
1.107
1.107
1.099
1.078
1.062
1.016
0.9858
0.9614
0.9971
0.936
0.8083
0.7959
0.729
0.6692
0.6685
0.5134
0.4775
0.4119
0.3323
0.2729
0.1914
0.1609
0.082
0.0166
-0.078
-0.14
-0.204
-0.274
-0.538
-0.404
-0.522
-0.758
-0.939
-0.973
-0.839
-0.759
-1.08
-1.03
-1.01
-0.818
-1.13
-1.17
-1.23
-1.29
-1.47
-1.58
-1.65
-1.67
-1.68
-1.67
-1.67
-1.64
-1.63
-1.65
-1.64
-1.63
-1.61
-1.58
-1.59
-1.6
-1.6
-1.6
-1.54
-1.51
-1.48
-1.47
-1.46
-1.44
-1.42
-1.35
-1.29
-1.23
-1.2
-1.11
-1.09
-0.98
-0.899
-0.796
-0.744
-0.587
-0.411
-0.313
-0.221
-0.268
-0.18
-0.224
-0.071
-0.324
-0.154
-0.047
0.0261
0.1011
0.1194
0.1914
0.2136
0.2837
0.3091
0.3408
0.3418
0.3342
0.3662
0.3513
0.4121
0.4656
0.4487
0.4775
0.5962
0.5769
0.5933
0.5986
0.6428
0.6396
0.634
0.6628
0.6995
0.6658
0.667
0.6899
0.6877
0.7734
0.7913
0.7749
0.7639
0.8108
0.8481
0.8989
0.9556
0.9626
0.9465
0.9058
0.8743
0.8635
0.8469
0.8469
0.8442
0.8298
0.7773
0.8169
0.7737
0.738
0.6956
0.6604
0.626
0.5647
0.6145
0.5886
0.5862
0.5613
0.511
0.5386
0.4648
0.46
0.4214
0.3635
0.3264
0.2603
0.208
0.1379
0.0784
0.0098
-0.062
-0.212
-0.277
-0.379
-0.708
-0.474
-0.46
-0.692
-0.582
-0.535
-0.617
-0.621
-0.797
-0.864
-1.01
-1.04
-1.19
-1.3
-1.39
-1.46
-1.52
-1.54
-1.57
-1.58
-1.57
-1.59
-1.61
-1.61
-1.58
-1.56
-1.54
-1.52
-1.5
-1.44
-1.38
-1.31
-1.24
-1.22
-1.18
-1.14
-1.09
-1.05
-1.03
-1.01
-0.935
-0.933
-0.902
-0.838
-0.79
-0.777
-0.729
-0.664
-0.552
-0.475
-0.415
-0.4
-0.377
-0.277
-0.193
-0.353
-0.204
-0.074
0.0222
0.0557
0.1919
0.2231
0.2991
0.3608
0.3833
0.4272
0.4729
0.4902
0.502
0.5176
0.5596
0.5708
0.6782
0.6467
0.6538
0.6643
0.6743
0.6643
0.6636
0.7107
0.7122
0.7168
0.7363
0.7488
0.7815
0.8049
0.8416
0.8584
0.8948
0.9136
0.9236
0.9456
0.9602
0.9839
0.988
1.008
1.017
1.016
1.009
0.9976
0.9746
0.9797
0.929
0.8945
0.8589
0.8323
0.7632
0.7021
0.6555
0.6074
0.5449
0.5361
0.4382
0.3997
0.3401
0.2964
0.2847
0.1968
0.2512
0.1423
0.1272
0.0427
0.0149
-0.064
-0.068
-0.169
-0.149
-0.223
-0.354
-0.388
-0.55
-0.422
-0.545
-0.431
-0.485
-0.432
-0.368
-0.42
-0.498
-0.527
-0.538
-0.561
-0.529
-0.539
-0.531
-0.53
-0.477
-0.486
-0.473
-0.497
-0.509
-0.509
-0.516
-0.547
-0.573
-0.586
-0.625
-0.644
-0.654
-0.662
-0.684
-0.692
-0.715
-0.693
-0.707
-0.716
-0.712
-0.714
-0.73
-0.712
-0.729
-0.714
-0.693
-0.675
-0.667
-0.662
-0.667
-0.646
-0.592
-0.558
-0.502
-0.46
-0.445
-0.438
-0.449
-0.483
-0.508
-0.55
-0.586
-0.63
-0.648
-0.682
-0.71
-0.746
-0.746
-0.76
-0.755
-0.779
-0.712
-0.708
-0.637
-0.543
-0.476
-0.427
-0.406
-0.364
-0.331
-0.291
-0.244
-0.199
-0.17
-0.125
-0.125
-0.115
-0.112
-0.103
-0.099
-0.093
-0.088
-0.083
-0.083
-0.131
-0.107
-0.113
-0.112
-0.116
-0.118
-0.056
-0.078
-0.032
-0.025
-0.045
-0.026
-0.041
-0.04
-0.034
-0.023
-0.003
0.05
0.0654
0.1257
0.1406
0.1907
0.2056
0.2324
0.2864
0.3394
0.3743
0.4607
0.4368
0.509
0.5544
0.6475
0.6885
0.7012
0.7185
0.6926
0.7083
0.7034
0.7512
0.7351
0.7373
0.7314
0.7285
0.7253
0.7156
0.6987
0.6821
0.6699
0.6685
0.6724
0.6675
0.6467
0.6079
0.5779
0.5212
0.4797
0.4365
0.4023
0.3723
0.3879
0.3562
0.3584
0.3401
0.3694
0.3735
0.3752
0.3796
0.374
0.375
0.3945
0.4077
0.4253
0.4333
0.4392
0.4475
0.4495
0.4465
0.4402
0.4375
0.4441
0.4541
0.4646
0.4595
0.4727
0.49
0.4932
0.4888
0.4702
0.4546
0.4221
0.416
0.4004
0.3953
0.3723
0.365
0.3679
0.3809
0.387
0.3948
0.4031
0.4204
0.4351
0.4299
0.429
0.4304
0.4187
0.4128
0.4043
0.4011
0.4006
0.4011
0.4211
0.4316
0.4634
0.4885
0.5156
0.5422
0.5593
0.5605
0.5596
0.5615
0.5652
0.5732
0.5798
0.5171
0.5815
0.5786
0.5925
0.6084
0.6123
0.6165
0.615
0.6152
0.6106
0.6189
0.5984
0.5916
0.5649
0.5562
0.5378
0.5276
0.5259
0.5137
0.5308
0.5208
0.5103
0.521
0.5032
0.5012
0.4421
0.4148
0.4189
0.3645
0.3127
0.313
0.24
0.2458
0.1577
0.1362
0.1001
0.0825
0.0505
0.0491
-0.181
0.0498
0.146
-0.101
0.0188
0.1965
0.1736
0.1167
0.1321
0.125
0.1343
0.0508
0.0271
-0.014
0.0078
-0.05
-0.112
-0.156
-0.242
-0.299
-0.374
-0.436
-0.524
-0.593
-0.636
-0.748
-0.736
-0.789
-0.806
-0.739
-0.735
-0.689
-0.634
-0.608
-0.574
-0.554
-0.546
-0.495
-0.44
-0.479
-0.431
-0.458
-0.426
-0.414
-0.456
-0.435
-0.386
-0.299
-0.236
-0.2
-0.17
-0.158
-0.182
-0.223
-0.264
-0.31
-0.384
-0.52
-0.575
-0.58
-0.542
-0.5
-0.482
-0.482
-0.474
-0.47
-0.448
-0.423
-0.362
-0.321
-0.28
-0.241
-0.205
-0.172
-0.138
-0.108
-0.076
-0.05
-0.035
0.009
0.0354
0.041
0.0603
0.0625
0.0627
0.061
0.0579
0.0505
0.0664
0.061
0.052
0.0493
0.0571
0.0581
0.0554
0.0688
0.0642
0.0542
0.0464
0.0486
0.0356
0.0308
0.0166
0.0081
-0.008
-0.018
-0.032
-0.042
-0.065
-0.09
-0.104
-0.122
-0.139
-0.154
-0.149
-0.144
-0.13
-0.127
-0.127
-0.125
-0.133
-0.132
-0.13
-0.13
-0.137
-0.141
-0.145
-0.153
-0.162
-0.167
-0.182
-0.19
-0.221
-0.236
-0.269
-0.287
-0.313
-0.332
-0.35
-0.376
-0.388
-0.405
-0.422
-0.43
-0.43
-0.437
-0.432
-0.433
-0.441
-0.428
-0.447
-0.443
-0.44
-0.448
-0.443
-0.451
-0.444
-0.449
-0.446
-0.477
-0.481
-0.488
-0.476
-0.485
-0.496
-0.503
-0.526
-0.535
-0.546
-0.552
-0.545
-0.54
-0.518
-0.516
-0.49
-0.459
-0.452
-0.428
-0.394
-0.43
-0.382
-0.312
-0.296
-0.258
-0.245
-0.203
-0.183
-0.15
-0.127
-0.098
-0.115
-0.124
-0.09
-0.081
-0.061
-0.053
-0.007
0.001
0.0305
0.0728
0.0986
0.116
0.1453
0.1599
0.2058
0.2336
0.2729
0.3149
0.364
0.4155
0.4507
0.4678
0.4702
0.4307
0.4536
0.3809
0.375
0.3452
0.3367
0.324
0.3245
0.3252
0.3076
0.3167
0.3115
0.2942
0.2534
0.2417
0.2363
0.1719
0.136
0.1162
0.1267
0.1174
0.1362
0.1631
0.2041
0.2322
0.2849
0.3196
0.3447
0.366
0.3733
0.3955
0.4006
0.3955
0.3767
0.3574
0.3506
0.3118
0.3228
0.3149
0.3718
0.2356
0.2915
0.332
0.3101
0.2961
0.311
0.3154
0.3301
0.3181
0.3486
0.3474
0.3645
0.3547
0.3513
0.3467
0.3115
0.2888
0.2461
0.2039
0.1831
0.1606
0.147
0.1418
0.1128
0.1389
0.1245
0.1384
0.1401
0.1365
0.1431
0.1235
0.1184
0.116
0.1135
0.115
0.1108
0.1145
0.1145
0.1184
0.1113
0.115
0.1216
0.1211
0.1255
0.116
0.1223
0.1067
0.1021
0.0967
0.0933
0.0886
0.0845
0.083
0.0752
0.0752
0.0625
0.0586
0.0513
0.0574
0.051
0.0625
0.0518
0.0593
0.0496
0.0566
0.0583
0.0613
0.0618
0.0742
0.074
0.083
0.0942
0.0957
0.0933
0.093
0.0925
0.0962
0.1023
0.1067
0.1016
0.1086
0.1309
0.1482
0.1616
0.1697
0.1782
0.1868
0.1897
0.2085
0.2002
0.2283
0.238
0.2542
0.2695
0.293
0.3022
0.3179
0.3159
0.313
0.314
0.311
0.3081
0.3125
0.3171
0.322
0.3289
0.3325
0.3489
0.3481
0.363
0.3657
0.3706
0.3828
0.3862
0.4026
0.4102
0.437
0.4697
0.4958
0.4978
0.4817
0.4377
0.4219
0.3772
0.3662
0.3191
0.313
0.3123
0.3232
0.3613
0.3354
0.3826
0.4392
0.4346
0.5281
0.4966
0.5376
0.5508
0.6152
0.5947
0.5403
0.5525
0.5391
0.4592
0.4458
0.3547
0.2922
0.1804
0.1521
0.082
0.0146
-0.009
-0.037
-0.061
-0.053
-0.069
-0.127
-0.113
-0.177
-0.176
-0.197
-0.21
-0.24
-0.24
-0.294
-0.31
-0.347
-0.365
-0.374
-0.393
-0.415
-0.441
-0.467
-0.47
-0.463
-0.43
-0.429
-0.412
-0.384
-0.379
-0.436
-0.419
-0.165
-0.194
-0.27
-0.179
-0.296
-0.297
-0.316
-0.318
-0.34
-0.356
-0.352
-0.342
-0.341
-0.36
-0.387
-0.433
-0.435
-0.473
-0.476
-0.461
-0.44
-0.427
-0.411
-0.402
-0.391
-0.383
-0.354
-0.319
-0.274
-0.228
-0.199
-0.153
-0.136
-0.103
-0.096
-0.078
-0.06
-0.038
-0.026
-0.02
-0.023
-0.026
-0.031
-0.03
-0.032
-0.033
-0.03
-0.023
-0.027
-0.026
-0.04
-0.04
-0.056
-0.067
-0.08
-0.084
-0.096
-0.101
-0.105
-0.103
-0.106
-0.121
-0.127
-0.14
-0.143
-0.148
-0.156
-0.158
-0.165
-0.167
-0.169
-0.181
-0.184
-0.187
-0.193
-0.194
-0.21
-0.237
-0.247
-0.267
-0.276
-0.285
-0.283
-0.291
-0.275
-0.288
-0.294
-0.297
-0.274
-0.276
-0.276
-0.292
-0.299
-0.315
-0.326
-0.345
-0.354
-0.362
-0.366
-0.396
-0.439
-0.476
-0.5
-0.531
-0.542
-0.538
-0.548
-0.548
-0.56
-0.578
-0.617
-0.626
-0.574
-0.55
-0.489
-0.446
-0.388
-0.339
-0.298
-0.296
-0.271
-0.227
-0.202
-0.162
-0.124
-0.069
-0.047
0.0229
0.0486
0.0974
0.1477
0.2278
0.3606
0.4102
0.4973
0.5161
0.4692
0.4404
0.3362
0.2778
0.1797
0.1008
0.0862
0.0576
0.0693
0.0764
0.0869
0.082
0.0608
0.178
0.0332
0.127
0.0757
0.1069
0.1423
0.1733
0.2102
0.2429
0.3022
0.343
0.3945
0.4202
0.4326
0.446
0.4517
0.4558
0.4634
0.4678
0.4717
0.4705
0.4624
0.4534
0.4456
0.4626
0.4636
0.4634
0.4719
0.4802
0.4717
0.4758
0.4634
0.4214
0.4124
0.3799
0.3777
0.3438
0.3232
0.322
0.3181
0.3159
0.3101
0.3433
0.3291
0.3115
0.387
0.3799
0.4204
0.4321
0.4534
0.46
0.4563
0.4597
0.4436
0.4385
0.4434
0.4526
0.4558
0.4556
0.4399
0.4155
0.4001
0.3755
0.3464
0.3254
0.3127
0.2886
0.2805
0.2642
0.2522
0.2288
0.2212
0.2178
0.2144
0.2146
0.2236
0.2405
0.2466
0.2495
0.2529
0.2551
0.2595
0.2705
0.2815
0.2903
0.2988
0.3074
0.3157
0.3047
0.2942
0.2795
0.2781
0.2795
0.2844
0.2881
0.2971
0.303
0.304
0.2988
0.2827
0.2732
0.2542
0.2439
0.2312
0.2305
0.2202
0.2224
0.2227
0.2266
0.2332
0.2266
0.2185
0.2185
0.2307
0.2385
0.2478
0.2656
0.2864
0.2952
0.313
0.3291
0.3398
0.3484
0.3491
0.3555
0.3506
0.3547
0.3596
0.3701
0.3821
0.3901
0.3909
0.4041
0.4121
0.4187
0.429
0.4485
0.4646
0.4888
0.5024
0.5081
0.5181
0.5239
0.5339
0.542
0.552
0.5471
0.5603
0.5623
0.5732
0.5906
0.5972
0.6101
0.6135
0.6421
0.655
0.6628
0.6543
0.6489
0.6343
0.6147
0.5962
0.5891
0.5571
0.542
0.5461
0.5569
0.5552
0.5408
0.5139
0.4714
0.4128
0.3491
0.2981
0.2297
0.1628
0.0925
0.0469
-0.021
-0.099
-0.153
-0.195
-0.354
-0.449
-0.615
-0.448
-0.366
-0.478
-0.568
-0.413
-0.475
-0.458
-0.481
-0.364
-0.549
-0.616
-0.669
-0.687
-0.736
-0.73
-0.752
-0.742
-0.711
-0.703
-0.682
-0.666
-0.66
-0.648
-0.627
-0.604
-0.575
-0.542
-0.521
-0.482
-0.471
-0.448
-0.436
-0.419
-0.403
-0.398
-0.388
-0.381
-0.38
-0.381
-0.38
-0.378
-0.385
-0.383
-0.384
-0.386
-0.376
-0.365
-0.347
-0.322
-0.298
-0.261
-0.238
-0.199
-0.162
-0.144
-0.117
-0.089
-0.061
-0.044
-0.016
0.0085
0.0247
0.0427
0.0586
0.0759
0.0942
0.1111
0.1245
0.1379
0.147
0.1614
0.1653
0.1758
0.1812
0.1899
0.1968
0.1995
0.2026
0.2019
0.2068
0.2043
0.1938
0.1887
0.1655
0.1509
0.1379
0.1313
0.1167
0.1179
0.1138
0.1099
0.1003
0.0779
0.0752
0.0593
0.0664
0.0605
0.0564
0.0593
0.0601
0.0603
0.064
0.0679
0.0671
0.0637
0.0547
0.0388
0.0046
-0.022
-0.067
-0.088
-0.121
-0.17
-0.212
-0.298
-0.337
-0.411
-0.456
-0.522
-0.566
-0.631
-0.686
-0.762
-0.835
-0.894
-0.957
-1.01
-1.05
-1.08
-1.13
-1.18
-1.26
-1.31
-1.4
-1.47
-1.51
-1.53
-1.5
-1.4
-1.34
-1.23
-1.19
-1.2
-1.1
-0.963
-1.1
-0.919
-0.767
-0.667
-0.564
-0.442
-0.258
-0.224
-0.131
-0.058
0.0608
0.1409
0.2441
0.4409
0.5171
0.6733
0.6758
0.7834
0.7205
0.7466
0.7412
0.7402
0.7688
0.7966
0.8521
0.9202
0.8943
0.9177
0.8723
0.8899
0.896
0.9192
0.9287
0.9521
0.949
0.9565
0.9346
0.8938
0.8801
0.8281
0.8044
0.7551
0.7585
0.7366
0.7615
0.7666
0.7644
0.7598
0.7446
0.7417
0.7341
0.7107
0.665
0.6335
0.5686
0.5085
0.4707
0.4155
0.3845
0.3521
0.3254
0.2988
0.2832
0.2607
0.2476
0.2253
0.2031
0.1907
0.2043
0.1594
0.1619
0.1467
0.1218
0.1094
0.0745
0.0681
0.0442
0.0388
0.03
0.0273
0.0295
0.0283
0.0266
0.0339
0.03
0.0217
0.02
0.0088
-0.005
-0.005
-0.009
-0.013
-0.017
-0.019
-0.019
-0.02
-0.026
-0.036
-0.05
-0.066
-0.066
-0.069
-0.056
-0.048
-0.036
-0.02
-0.017
-0.008
0
-0.002
0.001
0.0112
0.0198
0.0437
0.0605
0.0742
0.0867
0.0935
0.0996
0.0979
0.1116
0.1096
0.1277
0.1294
0.1353
0.1497
0.1489
0.1584
0.1589
0.1619
0.1624
0.1589
0.1584
0.1594
0.1548
0.1387
0.1304
0.123
0.1387
0.1392
0.1509
0.1597
0.1533
0.1567
0.1555
0.1426
0.1357
0.1316
0.1248
0.0825
0.1445
0.0737
0.1416
0.1196
0.1311
0.1257
0.1033
0.0779
0.0737
0.0759
0.0793
0.0896
0.1025
0.115
0.1313
0.155
0.1772
0.2024
0.2297
0.2522
0.2729
0.3035
0.3262
0.3674
0.397
0.4407
0.4666
0.5134
0.5388
0.5781
0.5986
0.6582
0.7034
0.741
0.7988
0.8264
0.866
0.9004
0.9451
0.9709
1.026
1.076
1.114
1.177
1.207
1.244
1.257
1.269
1.274
1.274
1.244
1.221
1.171
1.115
1.036
1.005
0.9414
0.8752
0.7795
0.6951
0.5203
0.3828
0.1875
0.0588
-0.084
-0.301
-0.365
-0.519
-0.623
-0.714
-0.854
-0.874
-0.957
-0.973
-1.03
-1.04
-1.09
-1.21
-1.09
-0.978
-1.03
-1.11
-1.06
-1.04
-0.983
-1.01
-1.05
-1.04
-1.07
-1.07
-1.07
-1.05
-1.02
-0.968
-0.927
-0.828
-0.754
-0.64
-0.573
-0.501
-0.431
-0.406
-0.372
-0.354
-0.343
-0.353
-0.392
-0.428
-0.462
-0.478
-0.484
-0.438
-0.392
-0.325
-0.282
-0.239
-0.211
-0.184
-0.167
-0.142
-0.112
-0.07
-0.001
0.0471
0.115
0.1558
0.2021
0.2283
0.2554
0.2803
0.3054
0.3213
0.3469
0.3704
0.3821
0.3955
0.4038
0.4009
0.3943
0.3918
0.3865
0.3813
0.3777
0.3506
0.3137
0.2825
0.2397
0.2161
0.1765
0.1597
0.146
0.1294
0.1226
0.1189
0.1191
0.1138
0.0945
0.0869
0.0635
0.0564
0.0371
0.0266
0.0073
-0.005
-0.009
-0.027
-0.021
-0.041
-0.034
-0.049
-0.046
-0.06
-0.061
-0.065
-0.078
-0.073
-0.085
-0.089
-0.101
-0.114
-0.12
-0.125
-0.159
-0.153
-0.165
-0.173
-0.184
-0.201
-0.209
-0.209
-0.2
-0.198
-0.21
-0.208
-0.214
-0.213
-0.234
-0.255
-0.281
-0.312
-0.349
-0.386
-0.418
-0.458
-0.476
-0.5
-0.531
-0.572
-0.604
-0.657
-0.705
-0.771
-0.834
-0.875
-0.937
-0.972
-1.04
-1.05
-1.11
-1.08
-1.16
-1.14
-1.12
-1.17
-1.19
-1.19
-1.17
-1.13
-1.2
-1.06
-0.992
-0.906
-0.845
-0.702
-0.556
-0.471
-0.334
-0.258
-0.151
-0.093
0.0181
0.0684
0.1128
0.1387
0.2375
0.303
0.3459
0.4092
0.4414
0.5071
0.5586
0.6406
0.7012
0.7856
0.8218
0.9551
1.069
1.251
1.406
1.472
1.584
1.542
1.514
1.454
1.316
1.232
1.125
1.073
0.9756
0.9028
0.8992
0.8669
0.8389
0.7847
0.7563
0.7322
0.7019
0.6506
0.623
0.583
0.5452
0.5217
0.4961
0.4846
0.4727
0.4692
0.4685
0.4575
0.46
0.4543
0.4509
0.4314
0.4204
0.4146
0.4128
0.4077
0.4011
0.3823
0.3523
0.324
0.2905
0.2595
0.2244
0.2109
0.1736
0.1489
0.1211
0.1067
0.083
0.0642
0.0391
0.0254
0.0034
-0.009
-0.027
-0.044
-0.047
-0.055
-0.048
-0.048
-0.043
-0.042
-0.048
-0.053
-0.055
-0.06
-0.067
-0.057
-0.055
-0.045
-0.031
-0.015
-0.002
0.012
0.0283
0.0312
0.0356
0.0388
0.0437
0.0508
0.0684
0.0754
0.0789
0.0867
0.0869
0.0911
0.0969
0.1084
0.1223
0.1335
0.1433
0.1611
0.1697
0.1819
0.1965
0.2053
0.2231
0.2361
0.2378
0.2478
0.2576
0.2754
0.2817
0.3008
0.3127
0.3306
0.3411
0.3647
0.3665
0.3877
0.4011
0.4185
0.4375
0.4619
0.5078
0.5266
0.5278
0.5325
0.5422
0.5537
0.5779
0.6001
0.6404
0.6826
0.7981
0.8081
0.8926
0.9326
0.9739
1.039
1.07
1.123
1.162
1.225
1.261
1.302
1.35
1.375
1.395
1.399
1.391
1.397
1.392
1.362
1.331
1.313
1.232
1.143
1.063
0.9768
0.8945
0.782
0.6436
0.5234
0.374
-0.339
0.0867
0.1926
-0.132
-0.21
-0.298
-0.46
-0.646
-0.835
-0.987
-1.17
-1.26
-1.34
-1.4
-1.51
-1.5
-1.56
-1.52
-1.46
-1.44
-1.42
-1.35
-1.3
-1.27
-1.23
-1.17
-1.1
-1.02
-1
-1.02
-0.853
-0.977
-1.07
-1.17
-1.21
-1.32
-1.34
-1.36
-1.34
-1.34
-1.28
-1.24
-1.21
-1.14
-0.969
-0.887
-0.815
-0.779
-0.672
-0.567
-0.478
-0.382
-0.342
-0.274
-0.247
-0.195
-0.169
-0.142
-0.097
-0.068
-0.031
0.0022
0.0486
0.0583
0.0796
0.0757
0.0815
0.0776
0.0771
0.0908
0.1201
0.1335
0.1453
0.1812
0.2092
0.2454
0.2798
0.3108
0.3215
0.3132
0.3071
0.2849
0.2637
0.2224
0.1826
0.158
0.1174
0.1025
0.0627
0.0447
0.0176
-0.005
-0.037
-0.046
-0.07
-0.076
-0.083
-0.092
-0.093
-0.095
-0.093
-0.087
-0.092
-0.104
-0.108
-0.121
-0.124
-0.125
-0.127
-0.121
-0.137
-0.136
-0.162
-0.171
-0.196
-0.203
-0.206
-0.211
-0.222
-0.215
-0.21
-0.196
-0.192
-0.181
-0.167
-0.155
-0.149
-0.128
-0.123
-0.111
-0.106
-0.109
-0.115
-0.121
-0.132
-0.141
-0.161
-0.172
-0.17
-0.172
-0.178
-0.168
-0.176
-0.184
-0.186
-0.195
-0.202
-0.222
-0.247
-0.277
-0.311
-0.352
-0.425
-0.453
-0.475
-0.512
-0.557
-0.519
-0.463
-0.417
-0.376
-0.344
-0.33
-0.371
-0.409
-0.493
-0.552
-0.655
-0.701
-0.757
-0.795
-0.843
-0.902
-0.881
-0.906
-0.913
-0.941
-0.957
-0.976
-0.977
-0.996
-1.01
-0.996
-1.01
-0.966
-0.934
-0.828
-0.729
-0.695
-0.615
-0.56
-0.522
-0.486
-0.42
-0.351
-0.18
0.239
0.9143
1.094
0.8481
0.509
0.4307
0.3718
0.3159
0.2681
0.3079
0.3989
0.4485
0.5081
0.5251
0.4856
0.4817
0.427
0.3777
0.3608
0.2451
0.2205
0.1584
0.1416
0.0872
0.083
0.0715
0.1011
0.1104
0.1018
0.1072
0.1023
0.0183
0.1858
0.1543
0.2188
0.2188
0.2932
0.3503
0.394
0.4731
0.5156
0.5654
0.5884
0.6167
0.6274
0.6306
0.6194
0.6172
0.6035
0.5952
0.593
0.593
0.614
0.6094
0.6265
0.6321
0.6409
0.645
0.6353
0.6479
0.6575
0.6448
0.6323
0.613
0.5986
0.5752
0.5444
0.51
0.4778
0.4517
0.4253
0.417
0.4082
0.3953
0.3867
0.3767
0.3564
0.3435
0.2893
0.3174
0.2725
0.282
0.2537
0.2319
0.2178
0.2046
0.1985
0.1902
0.1909
0.1799
0.1753
0.1641
0.1516
0.1279
0.1113
0.1008
0.0996
0.0967
0.0884
0.0806
0.0586
0.0449
0.0278
0.01
0
-0.01
-0.018
-0.017
-0.025
-0.019
-0.016
-0.027
-0.02
-0.018
-0.012
-0.01
-0.002
-0.008
0.0024
0.0068
0.0195
0.0288
0.0457
0.0481
0.0696
0.082
0.0962
0.0974
0.1052
0.1089
0.1089
0.1062
0.1204
0.1238
0.1318
0.1367
0.1438
0.1575
0.155
0.1587
0.1587
0.156
0.167
0.1655
0.1677
0.1799
0.1758
0.2114
0.2002
0.2039
0.2173
0.2085
0.2173
0.2222
0.231
0.2358
0.2458
0.2588
0.2683
0.282
0.2869
0.2998
0.3057
0.3147
0.3279
0.3313
0.3481
0.3613
0.3845
0.3975
0.405
0.4133
0.4419
0.4641
0.4888
0.5215
0.53
0.5566
0.5876
0.626
0.6577
0.7205
0.7532
0.772
0.8999
0.9373
0.9541
0.9607
0.9509
0.9673
0.9758
0.9856
1.006
1.05
1.073
1.132
1.148
1.177
1.196
1.212
1.211
1.213
1.218
1.183
1.168
1.114
1.103
1.061
1.028
0.9224
0.8203
0.7668
0.6936
0.6631
0.5322
0.4968
0.0549
-0.045
0.4011
0.4954
-0.001
0.2195
-0.005
-0.198
-0.275
-0.351
-0.549
-0.711
-0.76
-0.905
-0.969
-1.04
-1.12
-1.14
-1.21
-1.24
-1.31
-1.35
-1.42
-1.46
-1.49
-1.46
-1.41
-1.52
-1.55
-1.45
-1.44
-1.33
-1.3
-1.28
-1.31
-1.35
-1.45
-1.59
-1.67
-1.78
-1.81
-1.8
-1.75
-1.69
-1.59
-1.49
-1.37
-1.28
-1.1
-0.985
-0.84
-0.716
-0.631
-0.51
-0.437
-0.313
-0.248
-0.132
-0.104
-0.034
0.022
0.0764
0.1362
0.1833
0.2358
0.2625
0.2925
0.3022
0.3359
0.3459
0.3765
0.3779
0.3879
0.3906
0.3909
0.373
0.3657
0.3381
0.3237
0.3047
0.2888
0.2756
0.2664
0.2625
0.2622
0.2444
0.2253
0.2031
0.1985
0.1777
0.1274
0.1091
0.0811
0.0696
0.0547
0.0452
0.0361
0.0188
0.01
-0.104
-0.185
-0.261
-0.269
-0.235
-0.216
-0.174
-0.154
-0.109
-0.016
0.0127
0.0381
0.0464
0.0334
0.0127
-0.023
-0.059
-0.116
-0.149
-0.189
-0.234
-0.253
-0.267
-0.25
-0.234
-0.264
-0.281
-0.322
-0.336
-0.329
-0.286
-0.239
-0.208
-0.154
-0.127
-0.087
-0.062
-0.019
-0.001
0.0315
0.0425
0.0461
0.0569
0.0603
0.093
0.3586
0.5955
0.7778
0.6306
0.3594
0.0645
-0.018
-0.048
0.0295
0.0256
0.0188
0.0068
-0.036
-0.048
-0.052
-0.035
-0.024
-0.017
-
-0.002
0.0093
0.0127
0.02
0.0337
0.0391
0.0352
0.032
0.0381
0.0557
0.0554
0.0393
0.0459
0.0652
0.0776
0.0505
0.0632
0.072
0.0557
0.0525
0.0583
0.0315
0.0181
0.0293
0.0359
0.0239
-0.121
-0.145
-0.242
-0.281
-0.353
-0.365
-0.366
-0.348
-0.314
-0.279
-0.253
-0.195
-0.163
-0.101
-0.066
0.0022
0.0291
0.0784
0.094
0.1169
0.1296
0.1428
0.1353
0.1199
0.092
0.0532
0.0261
0.0132
-0.014
-0.028
-0.077
-0.1
-0.119
-0.136
-0.144
-0.136
-0.144
-0.147
-0.143
-0.154
-0.147
-0.143
-0.134
-0.111
-0.084
-0.083
-0.088
-0.088
-0.078
-0.085
-0.094
-0.103
-0.141
-0.166
-0.181
-0.16
-0.151
-0.137
-0.123
-0.107
-0.09
-0.049
-0.041
-0.046
-0.067
-0.064
-0.055
-0.06
-0.064
-0.062
-0.055
-0.052
-0.052
-0.051
-0.044
-0.041
-0.035
-0.037
-0.036
-0.053
-0.039
-0.057
-0.055
-0.039
-0.095
-0.186
-0.231
-0.303
-0.318
-0.296
-0.241
-0.189
-0.118
-0.103
-0.08
-0.061
-0.046
-0.037
-0.057
-0.065
-0.077
-0.079
-0.078
-0.087
-0.078
-0.071
-0.061
-0.067
-0.072
-0.083
-0.09
-0.091
-0.089
-0.085
-0.077
-0.076
-0.084
-0.101
-0.106
-0.099
-0.078
-0.062
-0.08
-0.074
-0.061
-0.073
-0.076
-0.071
-0.071
-0.072
-0.074
-0.061
-0.055
-0.06
-0.06
-0.051
-0.028
-0.013
0.0015
0.0042
0.0103
0.0303
0.0405
0.0117
-0.021
-0.037
-0.057
-0.081
-0.094
-0.098
-0.11
-0.104
-0.116
-0.126
-0.15
-0.157
-0.18
-0.19
-0.225
-0.243
-0.259
-0.269
-0.266
-0.265
-0.243
-0.252
-0.246
-0.255
-0.245
-0.227
-0.343
-0.329
-0.288
-0.267
-0.257
-0.253
-0.261
-0.251
-0.263
-0.373
-0.364
-0.419
-0.39
-0.348
-0.37
-0.35
-0.353
-0.363
-0.35
-0.321
-0.305
-0.322
-0.279
-0.271
-0.26
-0.264
-0.222
-0.197
-0.171
-0.155
-0.125
-0.094
-0.037
-0.147
-0.101
-0.055
-0.06
-0.036
-0.006
0.0229
0.1077
0.1494
0.2246
0.2385
0.2834
0.3027
0.3054
0.3057
0.3342
0.3601
0.3948
0.425
0.4116
0.4165
0.4236
0.4395
0.4426
0.4573
0.4785
0.4856
0.5205
0.521
0.5562
0.564
0.6006
0.6113
0.624
0.6565
0.6792
0.7053
0.731
0.7498
0.7671
0.7773
0.7979
0.8049
0.8145
0.8208
0.8169
0.8135
0.8169
0.8142
0.8086
0.8093
0.8076
0.803
0.7969
0.7927
0.7791
0.7656
0.7395
0.7153
0.6943
0.6675
0.6562
0.6365
0.6272
0.6194
0.6072
0.5964
0.5903
0.5862
0.5798
0.5815
0.5876
0.5864
0.5747
0.5715
0.5471
0.5293
0.501
0.4841
0.4478
0.4058
0.3879
0.3647
0.3577
0.3372
0.3306
0.3206
0.3259
0.3267
0.3352
0.3479
0.3691
0.3884
0.397
0.4141
0.4246
0.4314
0.4399
0.449
0.4736
0.4849
0.5254
0.5381
0.5513
0.5745
0.5735
0.6001
0.6238
0.6367
0.6494
0.6799
0.6963
0.7136
0.7268
0.7388
0.7615
0.7676
0.7942
0.8042
0.8359
0.8357
0.8345
0.8357
0.8481
0.8228
0.8359
0.8398
0.8403
0.8328
0.8601
0.8298
0.8662
0.8721
0.8357
0.8474
0.8276
0.8225
0.7888
0.7861
0.7188
0.697
0.6125
0.5667
0.2185
0.4753
0.553
0.3574
0.2681
0.2527
0.2751
0.1226
0.0173
-0.085
-0.177
-0.308
-0.426
-0.634
-0.671
-0.775
-0.897
-1.02
-1.07
-1.11
-1.14
-1.14
-1.12
-1.1
-1.05
-1.04
-1.03
-1.01
-1.03
-0.989
-0.992
-1.01
-1.03
-0.994
-0.99
-0.996
-1.02
-1.05
-1.05
-1.07
-1.06
-1.05
-1.03
-1.01
-0.986
-0.967
-0.925
-0.901
-0.844
-0.798
-0.74
-0.669
-0.601
-0.523
-0.463
-0.403
-0.358
-0.279
-0.236
-0.158
-0.119
-0.043
0.0261
0.0811
0.136
0.1753
0.2158
0.238
0.27
0.2927
0.3035
0.3608
0.3003
0.3206
0.2969
0.2483
0.2417
0.2009
0.1936
0.1545
0.1621
0.1021
0.0737
0.0447
0.041
0.0474
0.0791
0.095
0.1082
0.094
0.0649
0.0603
0.0354
0.0388
0.0706
0.0447
0.0337
0.0454
0.0146
0.009
-0.024
-0.061
-0.057
-0.192
-0.309
-0.365
-0.357
-0.349
-0.309
-0.235
-0.133
-0.074
-0.016
0.0032
0.0083
0.0049
-0.029
-0.046
-0.078
-0.109
-0.121
-0.118
-0.112
-0.103
-0.108
-0.109
-0.107
-0.105
-0.118
-0.131
-0.154
-0.175
-0.183
-0.169
-0.136
-0.113
-0.082
-0.063
-0.046
-0.036
-0.039
-0.028
0.0212
-0.04
-0.085
-0.116
-0.137
-0.072
-0.061
-0.067
-0.039
-0.008
-0.027
-0.056
-0.087
-0.11
-0.147
-0.162
-0.174
-0.177
-0.163
-0.15
-0.139
-0.109
-0.089
-0.056
-0.017
0.0183
0.0393
0.0725
0.0852
0.1018
0.1006
0.0754
0.0444
-0.02
-0.079
-0.131
-0.213
-0.257
-0.456
-0.589
-0.726
-0.743
-0.668
-0.589
-0.442
-0.234
-0.098
0.0728
0.1379
0.1558
0.1194
-0.045
-0.1
-0.206
-0.225
-0.263
-0.253
-0.252
-0.296
-0.325
-0.344
-0.33
-0.294
-0.283
-0.266
-0.259
-0.247
-0.25
-0.249
-0.237
-0.237
-0.234
-0.22
-0.221
-0.23
-0.235
-0.247
-0.263
-0.262
-0.255
-0.229
-0.199
-0.172
-0.168
-0.159
-0.155
-0.168
-0.182
-0.188
-0.199
-0.224
-0.232
-0.261
-0.198
-0.179
-0.213
-0.263
-0.305
-0.31
-0.298
-0.269
-0.24
-0.219
-0.213
-0.218
-0.223
-0.255
-0.266
-0.285
-0.293
-0.306
-0.307
-0.296
-0.281
-0.263
-0.235
-0.23
-0.248
-0.27
-0.307
-0.331
-0.384
-0.423
-0.49
-0.526
-0.555
-0.561
-0.573
-0.567
-0.583
-0.553
-0.535
-0.529
-0.534
-0.548
-0.536
-0.5
-0.488
-0.462
-0.399
-0.375
-0.316
-0.287
-0.306
-0.299
-0.298
-0.273
-0.229
-0.201
-0.201
-0.159
-0.138
-0.184
-0.138
-0.097
-0.032
0.0049
0.0522
0.113
0.1301
0.2036
0.2495
0.2717
0.3296
0.3848
0.407
0.4805
0.541
0.5862
0.6155
0.6409
0.6587
0.6997
0.7651
0.8328
0.9014
0.9495
1.001
1.054
1.089
1.148
1.198
1.24
1.244
1.266
1.338
1.3
1.32
1.305
1.271
1.23
1.162
1.109
0.9626
0.8943
0.8481
0.6965
0.6052
0.4773
0.3318
0.0308
-0.559
0.2036
-0.272
-0.053
-0.515
-0.331
-0.633
-0.82
-1.04
-1.2
-1.44
-1.61
-1.83
-1.99
-2.18
-2.31
-2.49
-2.59
-2.62
-2.62
-2.59
-2.47
-2.39
-2.22
-2.1
-1.87
-1.73
-1.43
-1.19
-1.01
-0.786
-0.705
-0.459
-0.719
-0.498
-0.298
-0.147
0.042
0.2332
0.4326
0.6326
0.7256
0.8669
1.178
1.275
1.427
1.549
1.923
2.112
2.286
2.508
2.659
2.855
2.91
2.986
3.017
3
2.998
2.943
2.866
2.8
2.581
2.436
2.184
2.046
1.878
1.653
1.492
1.365
1.156
1.073
0.8757
0.7729
0.5234
0.3169
-0.033
-0.983
-0.713
-1.06
-0.856
-1.11
-1.45
-1.78
-2.21
-2.67
-3.15
-3.41
-3.72
-3.89
-4
-4
-3.88
-3.77
-3.54
-3.36
-3.03
-2.69
-2.43
-2.04
-1.84
-1.49
-1.23
-0.969
-0.701
-0.38
-0.441
-0.728
-0.161
0.0369
0.4785
0.7639
1.318
1.601
2.159
2.386
3.035
3.248
3.477
3.607
3.795
3.84
3.877
3.938
3.951
3.908
3.811
3.667
3.401
3.14
2.836
2.467
2.193
1.986
1.658
1.475
1.105
0.8311
-0.841
0.1868
-0.635
-0.263
-1.36
-1.92
-2.14
-2.54
-2.84
-3.26
-3.54
-3.67
-3.65
-3.56
-3.54
-3.54
-3.5
-3.43
-3.28
-3.14
-2.91
-2.69
-2.39
-2.16
-1.81
-1.58
-1.41
-1.06
-0.962
-0.511
-0.396
-0.222
-0.693
-0.085
0.0554
0.5012
0.6868
1.13
1.502
1.926
2.449
2.806
3.135
3.46
3.826
4
4
4
4
3.961
3.706
3.463
3.278
3.027
2.668
2.29
1.89
1.448
1.17
0.8125
0.6316
0.4128
0.1865
-0.037
-0.791
0.0237
-0.438
0.4316
-0.609
-0.851
-1.4
-1.68
-2.46
-3.16
-3.53
-3.75
-3.9
-4
-4
-4
-4
-3.87
-3.71
-3.35
-3.11
-2.76
-2.43
-2.21
-1.8
-1.47
-1.18
-0.878
-0.436
-0.135
0.269
0.2646
0.3848
0.812
1.323
1.563
1.81
2.259
2.582
2.84
3.075
3.3
3.504
3.511
3.521
3.452
3.336
3.305
3.308
3.271
3.177
3.022
2.733
2.493
2.234
1.973
1.866
1.667
1.641
1.407
1.23
0.064
0.9683
0.5645
0.5103
0.0171
-0.419
-0.929
-1.72
-2.53
-3.57
-4
-4
-4
-4
-4
-4
-4
-4
-3.99
-3.72
-3.32
-3.09
-2.81
-2.57
-2.2
-2.05
-1.59
-1.3
-0.94
-0.296
-0.889
-0.085
0.1455
0.3574
0.3708
0.8186
1.35
1.797
2.196
3.063
3.701
3.879
4
4
4
4
4
4
4
4
4
4
3.78
3.32
3.005
2.678
2.445
2.151
2.032
1.885
1.759
1.481
1.292
1.139
-0.079
0.2283
0.8916
0.4995
-0.624
-1.23
-1.59
-1.92
-2.83
-3.62
-4
-4
-4
-4
-4
-4
-4
-4
-4
-4
-3.74
-3.18
-2.75
-2.45
-2.19
-1.9
-1.58
-1.29
-0.936
-0.646
-0.304
-0.024
0.1082
0.6292
0.5662
0.9326
1.164
2.034
1.953
2.779
2.776
3.274
3.435
4
4
4
4
4
4
3.974
3.81
3.536
3.345
3.031
2.722
2.437
2.095
1.883
1.654
1.493
1.263
0.7422
-0.165
0.1421
-0.234
0.5632
-0.327
-1.28
-1.5
-1.83
-2.53
-3.13
-3.79
-4
-4
-4
-4
-4
-4
-4
-3.71
-3.24
-2.94
-2.57
-2.3
-1.95
-1.65
-1.21
-0.885
-0.398
-0.179
0.1621
0.3887
0.3252
0.7791
0.803
1.222
1.486
1.98
2.267
2.77
3.11
3.527
3.908
4
4
4
4
4
4
4
4
3.82
3.384
2.981
2.708
2.398
2.099
1.956
1.663
1.576
0.7988
1.005
0.335
1.559
0.28
-0.994
-1.27
-1.44
-2.06
-2.87
-3.33
-3.73
-4
-4
-4
-4
-4
-4
-4
-4
-3.9
-3.4
-3.12
-2.7
-2.44
-2.05
-1.92
-1.46
-0.951
-0.545
-0.048
0.1477
0.5278
-0.027
0.7
0.8208
1.502
1.858
2.07
2.62
2.823
3.033
3.783
3.863
3.774
3.977
3.894
3.651
3.623
3.704
3.609
3.62
3.33
3.278
2.873
2.671
2.326
2.134
1.915
1.775
1.542
1.353
0.9409
0.4675
-0.002
-1.16
-0.385
-0.438
-0.448
-1.31
-1.55
-1.94
-2.18
-2.72
-3.39
-3.76
-4
-4
-4
-4
-3.89
-3.59
-3.21
-2.95
-2.6
-2.31
-2.12
-1.62
-1.35
-0.8
-0.632
-0.292
-0.057
0.0208
0.2549
0.3416
0.853
0.8323
1.163
1.32
2.023
2.112
2.377
2.543
2.878
3.058
3.39
3.6
3.902
4
4
4
4
4
4
3.725
3.539
3.136
2.875
2.567
2.152
2.011
1.778
1.392
1.13
0.8694
0.146
-0.569
-0.363
0.1177
-0.712
-1.07
-1.3
-1.86
-2.06
-3.15
-3.84
-4
-4
-4
-4
-4
-4
-3.83
-3.44
-3.28
-3.06
-2.92
-2.47
-2.19
-1.76
-1.44
-1.13
-0.702
-0.227
0.0439
0.106
-0.025
0.105
0.4722
0.7063
1.267
1.653
2.416
2.601
3.007
3.326
3.344
3.753
3.869
4
4
4
4
4
3.984
3.921
3.712
3.552
3.199
2.986
2.622
2.368
2.149
1.881
1.595
1.272
0.9595
0.4585
0.1963
-0.372
-1.33
-1.2
-1.6
-1.15
-2.3
-3.3
-3.64
-4
-4
-4
-4
-4
-4
-3.86
-3.44
-3.17
-2.84
-2.69
-2.38
-2.2
-1.81
-1.2
-0.861
-0.641
-0.332
-0.502
-0.282
-0.09
0.2349
0.385
0.6304
1.112
1.611
2.153
2.73
3.008
3.516
3.734
4
4
4
4
4
4
3.961
3.876
3.781
3.58
3.435
3.187
2.972
2.703
2.454
2.223
1.949
1.728
1.329
1.2
0.917
0.6372
-0.446
-0.333
-0.689
-0.679
-1.42
-1.99
-2.77
-3.43
-3.94
-4
-4
-4
-4
-4
-4
-3.87
-3.66
-3.31
-3.08
-2.92
-2.69
-2.5
-2.21
-2.09
-1.68
-1.39
-0.986
-0.839
-0.696
-0.537
0.0286
-0.2
0.2981
0.3525
0.8721
1.191
1.532
2.101
2.223
2.404
2.526
2.702
2.961
3.14
3.504
3.682
3.868
3.91
3.844
3.734
3.514
3.342
3.103
2.883
2.698
2.296
2.105
1.809
1.639
1.439
1.297
1.245
1.092
0.8972
0.7251
0.6621
0.3384
0.1462
-0.654
-0.631
-1.11
-0.861
-1.33
-2.13
-2.55
-3.06
-3.32
-3.89
-4
-4
-4
-3.79
-3.55
-3.19
-2.96
-2.64
-2.37
-2.01
-1.56
-1.3
-0.807
-0.683
-0.509
-0.425
-0.335
-0.262
0.0317
0.1833
0.5281
0.7781
1.039
1.549
2.017
2.515
2.805
3.175
3.405
3.671
3.834
3.954
3.955
3.923
3.785
3.643
3.372
3.137
2.782
2.576
2.307
2.052
1.841
1.478
1.297
0.9475
0.7012
-0.315
0.0481
-0.592
-0.383
-0.774
-1.61
-2.33
-2.83
-3.7
-4
-4
-4
-4
-4
-4
-3.73
-3.56
-3.28
-3.1
-2.76
-2.46
-2.31
-1.98
-1.84
-1.49
-1.33
-0.911
-0.882
-0.622
-0.442
-0.181
0.1172
0.4163
0.7651
1.111
1.853
2.041
2.437
2.665
3.04
3.311
3.575
3.729
3.722
3.672
3.665
3.596
3.504
3.306
3.133
2.911
2.769
2.44
2.292
1.947
1.779
1.559
1.391
1.13
0.8245
-0.089
0.6277
0.1643
0.8538
0.0869
-0.396
-1.07
-1.32
-2.17
-2.46
-2.64
-2.67
-2.71
-2.69
-2.48
-2.32
-2.09
-1.97
-1.87
-1.7
-1.59
-1.42
-1.3
-1.1
-0.979
-0.836
-0.716
-0.577
-0.42
-0.305
-0.134
-0.04
0.0989
0.2017
0.3208
0.3972
0.5
0.5398
0.5723
0.5879
0.6157
0.6179
0.6238
0.6348
0.6458
0.6711
0.6707
0.6763
0.6711
0.6636
0.6379
0.5955
0.5303
0.4895
0.4409
0.4167
0.385
0.3733
0.343
0.3279
0.2925
0.2935
0.2783
0.1887
0.1973
0.1116
0.0676
-0.031
-0.061
-0.219
-0.302
-0.324
-0.329
-0.5
-0.583
-0.685
-0.785
-0.852
-0.948
-0.983
-0.974
-0.953
-0.948
-0.991
-0.929
-0.881
-0.84
-0.812
-0.811
-0.84
-0.823
-0.78
-0.817
-0.924
-0.991
-1.04
-1.05
-1.07
-1.08
-1.06
-0.918
-0.869
-0.701
-0.608
-0.43
-0.299
-0.124
0.0344
0.0493
0.1489
0.2966
0.3301
0.3701
0.55
0.5601
0.6851
0.7334
0.8008
0.8376
0.8262
0.8118
0.8164
1.067
0.864
1.101
1.26
1.302
1.356
1.411
1.474
1.572
1.606
1.646
1.603
1.596
1.586
1.58
1.594
1.618
1.606
1.588
1.537
1.458
1.375
1.271
1.167
1.044
1.013
0.9683
0.9314
0.9302
0.825
0.6255
-0.029
0.5981
0.6917
0.4099
0.6306
0.6489
0.5122
0.4919
0.3745
0.3098
0.0815
-0.057
-0.23
-0.352
-0.475
-0.533
-0.558
-0.541
-0.64
-1.03
-1.3
-1.74
-2.07
-2.38
-2.53
-2.56
-2.45
-2.33
-2.09
-1.93
-1.72
-1.6
-1.39
-1.24
-1.05
-0.895
-0.7
-0.535
-0.444
-0.322
-0.29
-0.187
-0.16
-0.19
-0.204
-0.276
-0.282
-0.302
-0.336
-0.324
-0.298
-0.304
-0.322
-0.298
-0.271
-0.279
-0.251
-0.194
-0.079
-0.004
-0.061
0.2017
0.1738
0.3962
0.4509
0.4338
0.4597
0.5239
0.5522
0.6101
0.5925
0.5852
0.5742
0.6917
0.6394
0.6345
0.6282
0.6348
0.7214
0.7102
0.6838
0.6467
0.6467
0.6296
0.6301
0.6108
0.6172
0.625
0.623
0.6116
0.6013
0.5769
0.5537
0.5344
0.5298
0.5303
0.5173
0.5095
0.5222
0.5176
0.5234
0.5298
0.5215
0.5281
0.5339
0.5337
0.5671
0.5996
0.6157
0.6277
0.6174
0.595
0.5867
0.5786
0.5781
0.5972
0.6128
0.6382
0.658
0.6465
0.6538
0.6682
0.6641
0.6804
0.6731
0.6697
0.6284
0.6121
0.5249
0.3933
0.386
0.2029
0.0903
-0.03
0.1472
0.0195
-0.054
-0.059
-0.022
-0.07
-0.098
-0.101
-0.145
-0.161
-0.122
-0.087
-0.057
-0.034
0.0139
0.011
-0.014
-0.043
-0.054
-0.085
-0.075
-0.063
-0.066
-0.072
-0.094
-0.112
-0.129
-0.153
-0.181
-0.214
-0.253
-0.279
-0.303
-0.313
-0.344
-0.349
-0.377
-0.393
-0.429
-0.45
-0.472
-0.495
-0.528
-0.576
-0.611
-0.677
-0.72
-0.799
-0.872
-0.94
-0.981
-1.01
-1.01
-0.994
-0.952
-0.914
-0.854
-0.839
-0.779
-0.714
-0.69
-0.658
-0.614
-0.586
-0.526
-0.501
-0.454
-0.449
-0.455
-0.416
-0.399
-0.369
-0.368
-0.367
-0.38
-0.374
-0.352
-0.377
-0.372
-0.349
-0.343
-0.316
-0.253
-0.212
-0.146
-0.113
-0.036
0.0559
0.0845
0.1997
0.2251
0.2495
0.2554
0.2744
0.3091
0.3464
0.3687
0.4067
0.4492
0.5293
0.5813
0.5947
0.6582
0.6758
0.6831
0.7288
0.7378
0.7478
0.7634
0.7788
0.7812
0.8013
0.7874
0.7705
0.7588
0.7744
0.7744
0.7798
0.78
0.7612
0.7588
0.731
0.6965
0.6804
0.6387
0.6177
0.5781
0.5505
0.5171
0.5005
0.488
0.4788
0.4597
0.4473
0.4324
0.4294
0.406
0.3835
0.3765
0.3745
0.3745
0.3777
0.4033
0.4443
0.5071
0.5513
0.6021
0.6318
0.6265
0.6038
0.5684
0.542
0.4985
0.4373
0.3586
0.2969
0.2717
0.2349
0.2083
0.1951
0.1692
0.145
0.1377
0.1377
0.1399
0.1643
0.1453
0.1404
0.1084
0.1057
0.1047
0.1614
0.1841
0.1257
0.1677
0.2004
0.1858
0.2061
0.2014
0.217
0.2139
0.2051
0.1829
0.1736
0.1741
0.1296
0.1345
0.0935
0.105
0.1077
0.1311
0.1365
0.114
0.1104
0.0969
0.0757
0.05
-0.009
-0.04
-0.099
-0.162
-0.241
-0.279
-0.341
-0.359
-0.392
-0.399
-0.424
-0.423
-0.412
-0.42
-0.4
-0.372
-0.38
-0.387
-0.386
-0.382
-0.329
-0.383
-0.406
-0.409
-0.411
-0.422
-0.432
-0.447
-0.48
-0.49
-0.495
-0.507
-0.503
-0.524
-0.559
-0.551
-0.591
-0.633
-0.632
-0.605
-0.578
-0.544
-0.522
-0.468
-0.449
-0.432
-0.417
-0.391
-0.395
-0.395
-0.391
-0.392
-0.392
-0.407
-0.403
-0.409
-0.383
-0.37
-0.311
-0.254
-0.247
-0.252
-0.278
-0.319
-0.364
-0.41
-0.461
-0.465
-0.472
-0.44
-0.376
-0.338
-0.296
-0.24
-0.148
-0.114
-0.036
-0.021
0.0676
0.1157
0.2
0.2615
0.3218
0.4058
0.4734
0.5264
0.5518
0.5718
0.5593
0.5342
0.5012
0.4326
0.3853
0.3574
0.3047
0.2717
0.2227
0.1963
0.1296
0.1194
0.1379
0.0251
0.0859
0.0935
0.1089
0.0986
0.1011
0.0898
0.0835
0.0767
0.0625
0.0574
0.0554
0.0642
0.0747
0.1113
0.1438
0.1721
0.2168
0.2573
0.2954
0.3186
0.3442
0.3413
0.3459
0.3459
0.3716
0.3855
0.4016
0.4092
0.4233
0.4534
0.4722
0.5066
0.5247
0.5471
0.564
0.5544
0.5581
0.5525
0.5369
0.5195
0.5054
0.498
0.4812
0.4722
0.4546
0.4414
0.4309
0.4326
0.4441
0.4546
0.446
0.4143
0.4104
0.3562
0.3438
0.3152
0.2976
0.2793
0.283
0.2974
0.3081
0.3237
0.332
0.3308
0.3274
0.3318
0.3149
0.3408
0.3198
0.3376
0.3267
0.3042
0.27
0.217
0.1733
0.1289
0.0593
0.0032
-0.01
-0.124
-0.121
-0.156
-0.162
-0.208
-0.481
-0.374
-0.081
-0.262
-0.34
-0.305
-0.216
-0.224
-0.189
-0.181
-0.215
-0.242
-0.238
-0.316
-0.416
-0.465
-0.479
-0.492
-0.476
-0.445
-0.402
-0.491
-0.458
-0.427
-0.379
-0.361
-0.317
-0.305
-0.286
-0.272
-0.265
-0.261
-0.262
-0.281
-0.277
-0.281
-0.301
-0.323
-0.339
-0.376
-0.405
-0.455
-0.477
-0.521
-0.542
-0.581
-0.592
-0.591
-0.586
-0.562
-0.521
-0.487
-0.44
-0.4
-0.354
-0.31
-0.251
-0.177
-0.112
-0.052
-0.014
0.0281
0.0508
0.0703
0.0674
0.0505
0.0298
-0.014
-0.081
-0.127
-0.184
-0.207
-0.26
-0.293
-0.364
-0.414
-0.492
-0.539
-0.578
-0.588
-0.578
-0.544
-0.512
-0.449
-0.415
-0.35
-0.315
-0.311
-0.294
-0.246
-0.199
-0.106
0.0115
0.0554
0.1414
0.1621
0.176
0.1921
0.1633
0.1318
0.0696
0.0059
-0.062
-0.149
-0.168
-0.197
-0.189
-0.125
-0.092
-0.04
-0.034
-0.05
-0.051
-0.057
-0.013
0.0117
0.0266
0.0327
0.0586
0.0745
0.1169
0.155
0.208
0.2371
0.2517
0.2549
0.2639
0.2781
0.2883
0.3132
0.3086
0.3181
0.3123
0.3096
0.3083
0.3064
0.312
0.2866
0.262
0.2314
0.1904
0.1353
0.2046
0.1335
0.1167
0.106
0.0884
0.0957
0.1084
0.1426
0.136
0.175
0.1702
0.2192
0.2463
0.3198
0.3938
0.4636
0.5149
0.5244
0.5254
0.5247
0.4949
0.5
0.4832
0.4653
0.4504
0.447
0.436
0.4373
0.4143
0.429
0.4404
0.4548
0.4617
0.45
0.4785
0.4885
0.4932
0.5085
0.4897
0.5063
0.5039
0.4844
0.4861
0.4631
0.4634
0.4656
0.4744
0.4375
0.4553
0.4617
0.4509
0.4529
0.4731
0.4893
0.5093
0.5146
0.5171
0.522
0.5071
0.4893
0.4863
0.4536
0.4785
0.4333
0.3821
0.3306
0.25
0.2146
0.1638
0.1384
0.0989
0.0857
0.0491
0.0366
0.0137
-0.042
-0.053
-0.102
-0.11
-0.137
-0.146
-0.144
-0.141
-0.121
-0.118
-0.104
-0.092
-0.085
-0.109
-0.114
-0.126
-0.12
-0.146
-0.135
-0.115
-0.124
-0.121
-0.108
-0.082
-0.088
-0.082
-0.088
-0.075
-0.081
-0.066
-0.078
-0.089
-0.126
-0.137
-0.2
-0.271
-0.223
-0.088
-0.156
-0.176
-0.146
-0.144
-0.156
-0.168
-0.191
-0.21
-0.21
-0.226
-0.225
-0.235
-0.23
-0.235
-0.241
-0.231
-0.223
-0.221
-0.202
-0.198
-0.189
-0.184
-0.184
-0.192
-0.197
-0.199
-0.198
-0.186
-0.181
-0.183
-0.19
-0.178
-0.177
-0.177
-0.18
-0.193
-0.204
-0.236
-0.267
-0.293
-0.323
-0.359
-0.393
-0.429
-0.45
-0.459
-0.467
-0.485
-0.495
-0.512
-0.517
-0.501
-0.499
-0.491
-0.487
-0.49
-0.479
-0.475
-0.467
-0.46
-0.447
-0.426
-0.422
-0.414
-0.417
-0.422
-0.411
-0.399
-0.378
-0.374
-0.4
-0.43
-0.464
-0.505
-0.534
-0.551
-0.549
-0.533
-0.516
-0.476
-0.447
-0.419
-0.366
-0.346
-0.354
-0.331
-0.307
-0.316
-0.357
-0.283
-0.29
-0.261
-0.239
-0.236
-0.23
-0.22
-0.192
-0.153
-0.134
-0.082
-0.117
-0.094
-0.17
-0.136
-0.107
-0.093
-0.062
-0.036
-0.045
-0.043
-0.048
-0.005
0.0193
0.0317
0.0371
0.0334
0.0334
0.0122
0.0078
-
-0.005
0.0093
0.0286
0.0474
0.0701
0.0764
0.0774
0.071
0.0613
0.0593
0.0718
0.0879
0.1067
0.1367
0.1584
0.179
0.1873
0.1982
0.1765
0.2122
0.2129
0.2295
0.2415
0.2417
0.2522
0.2732
0.2942
0.3152
0.3325
0.3352
0.364
0.3835
0.4004
0.4133
0.4253
0.4316
0.4507
0.4668
0.4768
0.4731
0.468
0.45
0.4497
0.4377
0.4187
0.4153
0.4407
0.4016
0.3555
0.3481
0.321
0.3113
0.2964
0.2861
0.2393
0.2114
0.1711
0.1399
0.1047
0.0872
0.0789
0.0396
0.0608
0.0466
0.0447
0.0344
0.0449
0.0515
0.0112
0.0205
-0.007
-0.006
-0.013
-0.017
-0.022
-0.017
-0.029
-0.022
-0.019
-0.018
-0.029
-0.03
-0.046
-0.063
-0.074
-0.073
-0.083
-0.114
-0.107
-0.148
-0.149
-0.158
-0.184
-0.177
-0.171
-0.177
-0.213
-0.221
-0.262
-0.263
-0.23
-0.159
-0.251
-0.208
-0.263
-0.281
-0.258
-0.277
-0.248
-0.315
-0.326
-0.392
-0.394
-0.456
-0.467
-0.477
-0.477
-0.492
-0.513
-0.511
-0.472
-0.495
-0.46
-0.455
-0.417
-0.449
-0.404
-0.382
-0.384
-0.347
-0.313
-0.345
-0.351
-0.356
-0.384
-0.38
-0.406
-0.426
-0.449
-0.465
-0.538
-0.504
-0.54
-0.533
-0.555
-0.557
-0.578
-0.588
-0.62
-0.623
-0.636
-0.627
-0.614
-0.599
-0.598
-0.6
-0.592
-0.585
-0.574
-0.547
-0.537
-0.508
-0.478
-0.437
-0.421
-0.402
-0.379
-0.369
-0.343
-0.327
-0.341
-0.33
-0.333
-0.359
-0.328
-0.332
-0.316
-0.317
-0.299
-0.305
-0.325
-0.323
-0.312
-0.411
-0.356
-0.299
-0.283
-0.263
-0.208
-0.19
-0.169
-0.14
-0.131
-0.118
-0.143
-0.128
-0.177
-0.202
-0.212
-0.133
-0.131
-0.115
-0.093
-0.022
-0.01
0.0183
0.0872
0.0701
0.085
0.126
0.1775
0.1724
0.1704
0.1584
0.1487
0.1372
0.155
0.1545
0.1504
0.1477
0.1824
0.1562
0.1824
0.1877
0.1753
0.219
0.2173
0.2444
0.2483
0.27
0.2859
0.2917
0.2927
0.283
0.281
0.2751
0.2874
0.3069
0.3162
0.3252
0.333
0.3232
0.3206
0.3074
0.2964
0.2905
0.2876
0.2839
0.2908
0.2815
0.2827
0.2712
0.2683
0.2769
0.2832
0.2754
0.2649
0.2556
0.2556
0.2158
0.2283
0.2432
0.2568
0.262
0.2971
0.3127
0.312
0.3042
0.304
0.2998
0.3079
0.3132
0.3059
0.3083
0.304
0.3164
0.3079
0.3142
0.2634
0.2241
0.1418
0.1013
0.009
-0.015
-0.087
-0.104
-0.114
-0.145
-0.182
-0.203
-0.232
-0.291
-0.262
-0.298
-0.296
-0.34
-0.362
-0.376
-0.387
-0.389
-0.427
-0.438
-0.441
-0.453
-0.459
-0.622
-0.267
-0.137
-0.003
-0.052
-0.025
0.0215
0.0203
-0.034
-0.112
-0.138
-0.146
-0.294
-0.423
-0.49
-0.473
-0.444
-0.434
-0.431
-0.449
-0.452
-0.438
-0.419
-0.426
-0.423
-0.416
-0.401
-0.38
-0.363
-0.362
-0.369
-0.353
-0.295
-0.257
-0.243
-0.231
-0.22
-0.208
-0.238
-0.222
-0.201
-0.182
-0.158
-0.113
-0.089
-0.055
-0.042
-0.043
-0.073
-0.121
-0.165
-0.22
-0.25
-0.275
-0.298
-0.301
-0.271
-0.242
-0.224
-0.2
-0.157
-0.138
-0.113
-0.077
-0.076
-0.059
-0.029
0.001
0.0085
0.012
0.0125
0.0393
0.0278
0.0381
-1.22
0.3613
0.583
0.1228
-2.28
-3.18
2.913
0.7568
0.1069
0.3018
0.8459
0.6951
0.2002
0.3062
0.1665
0.1519
0.0205
-0.194
-0.203
-0.205
-0.212
-0.228
-0.182
-0.185
-0.141
-0.132
-0.095
-0.104
-0.278
-0.317
-0.229
-0.213
-0.138
-0.205
-0.277
-0.238
-0.118
-0.102
-0.075
2.46
1.801
0.5737
-0.409
-0.152
0.156
-0.273
-0.185
0.1367
0.3101
0.1499
-0.102
-0.139
-0.013
0.144
0.1897
0.0906
-0.021
-0.016
0.0632
0.0847
0.041
0.021
0.051
0.0867
0.0811
0.0378
0.0122
0.0195
0.0466
0.0647
0.063
0.0496
0.0493
0.0439
0.0437
0.041
0.0481
0.0557
0.063
0.0552
0.0469
0.043
0.0403
0.0447
0.0496
0.0493
0.0479
0.0498
0.0481
0.0449
0.0388
0.0471
0.0508
0.0496
0.0518
0.0474
0.0488
0.0437
0.0486
0.0474
0.053
0.0493
0.0493
0.0439
0.051
0.0527
0.0442
0.0466
0.0457
0.0469
0.0466
0.0476
0.0461
0.0525
0.05
0.0454
0.0464
0.0442
0.0488
0.0527
0.0474
0.0483
0.0454
0.0483
0.0508
0.0471
0.05
0.0479
0.0486
0.0488
0.0515
0.0471
0.0476
0.0393
0.0498
0.0508
0.0461
0.0535
0.0491
0.043
0.0457
0.052
0.0493
0.0498
0.0486
0.0447
0.0479
0.0481
0.0466
0.0476
0.0422
0.0474
0.0474
0.053
0.0481
0.0454
0.0488
0.0464
0.0493
0.0505
0.0498
0.0437
0.0454
0.0525
0.0493
0.0527
0.0442
0.0444
0.0493
0.0422
0.0552
0.0483
0.0461
0.0486
0.0471
0.0466
0.0508
0.0518
0.0444
0.0425
0.0457
0.0513
0.052
0.052
0.0447
0.0471
0.0408
0.0505
0.0479
0.0452
0.0466
0.0486
0.0498
0.0479
0.0537
0.0454
0.0454
0.0505
0.0447
0.0547
0.0491
0.0537
0.0479
0.0457
0.0471
0.0527
0.0508
0.0469
0.0491
0.05
0.0417
0.0486
0.0486
0.0464
0.0454
0.051
0.0535
0.0508
0.0513
0.0464
0.043
0.0452
0.0488
0.0469
0.0437
0.0508
0.0413
0.0515
0.0498
0.0522
0.0432
0.0452
0.0513
0.0479
0.0488
0.0557
0.0461
0.0498
0.0466
0.0461
0.0527
0.0479
0.0483
0.0437
0.0452
0.0486
0.051
0.0408
0.052
0.0444
0.0449
0.0471
0.0535
0.0469
0.0459
0.0505
0.0471
0.0552
0.0505
0.0498
0.0491
0.0503
0.0544
0.0493
0.0562
0.0483
0.0481
0.0498
0.0432
0.0493
0.0474
0.0464
0.0435
0.0466
0.0457
0.0525
0.0547
0.0488
0.0464
0.0552
0.0491
0.0469
0.0466
0.0432
0.0491
0.0437
0.0491
0.0532
0.0498
0.0513
0.042
0.0481
0.0525
0.0447
0.0493
0.0503
0.0437
0.0515
0.0481
0.0466
0.0447
0.0508
0.0493
0.0498
0.0471
0.0503
0.0432
0.0522
0.0486
0.0474
0.0537
0.052
0.0452
0.0479
0.0461
0.0447
0.0527
0.0493
0.0488
0.0459
0.051
0.0471
0.0454
0.0469
0.0439
0.0444
0.054
0.0532
0.0437
0.0476
0.05
0.0469
0.0513
0.051
0.0491
0.0483
0.0471
0.0486
0.0459
0.0483
0.0491
0.0479
0.0479
0.0488
0.0503
0.0483
0.0464
0.0454
0.0432
0.0505
0.0464
0.054
0.0476
0.0498
0.05
0.0396
0.0444
0.0508
0.0481
0.0466
0.0486
0.0476
0.0513
0.0493
0.0552
0.0481
0.0481
0.0496
0.0493
0.0491
0.0481
0.0515
0.052
0.0481
0.0491
0.0564
0.051
0.0457
0.0464
0.0452
0.052
0.0542
0.0476
0.0444
0.0425
0.0459
0.0447
0.05
0.0457
0.0498
0.0491
0.0486
0.0447
0.0493
0.0483
0.0515
0.0464
0.0449
0.0493
0.0503
0.0437
0.0491
0.0447
0.0496
0.0532
0.0469
0.0459
0.0432
0.0454
0.0522
0.0466
0.0496
0.0452
0.0503
0.0437
0.0486
0.053
0.0464
0.0479
0.0513
0.0518
0.0481
0.0498
0.0437
0.054
0.0488
0.053
0.0486
0.0496
0.0483
0.0447
0.0503
0.0488
0.0513
0.0547
0.0464
0.0447
0.0439
0.0439
0.052
0.0515
0.0457
0.0452
0.0479
0.0522
0.0466
0.0435
0.0454
0.0496
0.052
0.0559
0.0444
0.0444
0.0483
0.0488
0.0483
0.0491
0.0491
0.0439
0.05
0.0505
0.0503
0.0522
0.0486
0.0505
0.0503
0.0554
0.0535
0.0513
0.0483
0.0481
0.0474
0.0493
0.0544
0.0486
0.0479
0.05
0.0457
0.0488
0.0503
0.0488
0.0481
0.0522
0.053
0.0459
0.0483
0.051
0.052
0.0486
0.0449
0.0464
0.0464
0.0442
0.0464
0.0454
0.0542
0.0508
0.0515
0.0439
0.0459
0.0471
0.0522
0.0522
0.0518
0.0476
0.0486
0.0466
0.0479
0.0503
0.0493
0.0437
0.0466
0.0459
0.0486
0.0508
0.0457
0.0491
0.051
0.0457
0.051
0.053
0.05
0.0483
0.052
0.0491
0.0525
0.0493
0.0447
0.0481
0.0488
0.0522
0.0439
0.0481
0.0459
0.0508
0.0471
0.0471
0.0537
0.0454
0.0457
0.0474
0.0491
0.0493
0.052
0.0476
0.0464
0.0461
0.0474
0.05
0.0515
0.0493
0.0508
0.0439
0.0457
0.0486
0.0454
0.0481
0.0461
0.0542
0.0476
0.0493
0.0444
0.0508
0.0476
0.0481
0.0491
0.0498
0.0437
0.0483
0.054
0.0469
0.0491
0.0459
0.0488
0.0447
0.0447
0.052
0.0569
0.0483
0.0479
0.0447
0.054
0.0488
0.0505
0.0493
0.0488
0.0488
0.0496
0.0454
0.0518
0.0532
0.0527
0.0479
0.0449
0.0537
0.0444
0.0559
0.0464
0.0471
0.0454
0.0469
0.0471
0.051
0.0505
0.0483
0.0554
0.0449
0.052
0.0491
0.0479
0.0476
0.0503
0.0503
0.0491
0.0471
0.0496
0.0503
0.05
0.0444
0.0452
0.051
0.0469
0.0549
0.0481
0.0522
0.0547
0.0527
0.0427
0.0498
0.0496
0.0388
0.054
0.0469
0.05
0.0459
0.0535
0.0513
0.0486
0.0454
0.0459
0.0496
0.0452
0.0505
0.0576
0.053
0.0481
0.0474
0.0444
0.0486
0.0505
0.0527
0.0515
0.0439
0.0493
0.0469
0.0537
0.0505
0.0491
0.0447
0.0537
0.0471
0.0559
0.0481
0.0508
0.0508
0.0466
0.0552
0.0452
0.0496
0.0464
0.0471
0.0496
0.0498
0.0491
0.052
0.052
0.0532
0.0464
0.05
0.0464
0.0432
0.0566
0.0481
0.0347
0.0483
0.05
0.052
0.043
0.0513
0.0503
0.0442
0.0486
0.0444
0.0481
0.0486
0.0493
0.0488
0.0496
0.0461
0.0457
0.0498
0.0547
0.0464
0.0464
0.0422
0.0454
0.0552
0.0513
0.0422
0.0537
0.0483
0.0466
0.0508
0.0442
0.0479
0.051
0.0481
0.0596
0.053
0.0486
0.0518
0.0483
0.0466
0.052
0.0532
0.0452
0.0466
