0.0474
0.0486
0.0474
0.0452
0.0549
0.0464
0.0439
0.0459
0.0481
0.0422
0.0537
0.0452
0.0479
0.0481
0.0432
0.0496
0.0547
0.0469
0.0425
0.0481
0.0488
0.0469
0.0522
0.0491
0.0459
0.0491
0.0476
0.0493
0.0493
0.0532
0.0417
0.0471
0.0493
0.0474
0.0459
0.0486
0.0427
0.0437
0.0447
0.05
0.0483
0.0483
0.0427
0.052
0.0471
0.0488
0.0432
0.0498
0.0496
0.0457
0.0505
0.0496
0.0388
0.0425
0.0444
0.0444
0.0527
0.0454
0.0425
0.0515
0.0442
0.0466
0.0464
0.0437
0.0493
0.0491
0.0481
0.0486
0.0503
0.041
0.0476
0.0486
0.0447
0.0476
0.0471
0.0442
0.0491
0.0452
0.0527
0.0457
0.0508
0.0466
0.0452
0.0476
0.0508
0.0486
0.0518
0.0544
0.0483
0.051
0.0459
0.0513
0.0435
0.0493
0.0483
0.0454
0.0481
0.0474
0.0469
0.0435
0.0454
0.0471
0.0491
0.0474
0.0483
0.0498
0.0576
0.05
0.0469
0.0481
0.0449
0.052
0.0498
0.0503
0.0503
0.05
0.0486
0.0503
0.0503
0.0493
0.0491
0.0493
0.0476
0.0479
0.0461
0.0427
0.0447
0.0493
0.0459
0.041
0.0486
0.0486
0.0449
0.0498
0.0508
0.0469
0.0508
0.0471
0.0532
0.0459
0.0498
0.0471
0.0562
0.0503
0.0464
0.0447
0.05
0.054
0.0464
0.0447
0.0493
0.0488
0.0554
0.0459
0.0493
0.051
0.0425
0.052
0.0454
0.0444
0.0474
0.0474
0.0515
0.0442
0.0508
0.0583
0.0425
0.0466
0.0432
0.0503
0.0498
0.0452
0.0447
0.0493
0.0498
0.0491
0.0461
0.0454
0.0396
0.0439
0.0488
0.0481
0.0474
0.0439
0.0466
0.0442
0.0498
0.0496
0.0474
0.051
0.052
0.0498
0.0452
0.053
0.0488
0.0474
0.0444
0.0525
0.0493
0.0574
0.0476
0.0427
0.0515
0.0459
0.0459
0.0479
0.0459
0.0479
0.0496
0.0508
0.0525
0.0464
0.0481
0.0474
0.0461
0.0422
0.0491
0.0459
0.0535
0.0464
0.0479
0.0474
0.0457
0.0454
0.0513
0.0496
0.0522
0.0488
0.0476
0.0439
0.0476
0.0459
0.0483
0.0427
0.0491
0.0444
0.0442
0.0476
0.053
0.0439
0.0454
0.0471
0.0466
0.0503
0.0459
0.0459
0.0491
0.0491
0.0435
0.0505
0.0481
0.0444
0.0469
0.0457
0.0481
0.0474
0.0479
0.0439
0.0464
0.0505
0.0466
0.0466
0.0476
0.0486
0.0442
0.0466
0.0483
0.0466
0.0464
0.0925
0.1296
0.0911
0.0547
0.0659
0.0593
0.0771
0.083
0.1294
0.1562
0.1191
0.1111
0.145
0.1377
0.0598
0.134
0.0476
-0.008
0.0449
0.0769
0.0161
-0.021
0.0056
0.0134
0.0444
0.0549
0.0261
0.0151
0.0457
0.022
-0.019
-0.023
-0.028
-0.015
-0.038
-0.046
-0.043
-0.039
-0.008
0.0083
0.0547
0.0911
0.1235
0.0962
0.0229
-0.008
0.0007
0.022
0.0295
0.0505
0.0471
0.0488
0.0564
0.0647
0.0774
0.0886
0.0994
0.0991
0.0955
0.0867
0.0615
0.03
0.0146
0.0269
0.0505
0.0574
0.0654
0.0588
0.0496
0.0369
0.0356
0.0388
0.0566
0.0674
0.054
0.0518
0.0471
0.0408
0.0425
0.051
0.0549
0.0542
0.0505
0.0508
0.0408
0.0454
0.0471
0.053
0.0537
0.0474
0.0449
0.0508
0.0457
0.0479
0.0481
0.0552
0.0525
0.0479
0.0549
0.0513
0.0503
0.0464
0.051
0.0464
0.054
0.05
0.0493
0.0469
0.0471
0.0498
0.0513
0.0459
0.0493
0.043
0.0525
0.0471
0.0488
0.0483
0.0432
0.0427
0.043
0.0476
0.0503
0.0457
0.0471
0.043
0.0469
0.0491
0.0479
0.0498
0.0437
0.0464
0.0505
0.0522
0.0525
0.0474
0.0486
0.0496
0.0461
0.0515
0.052
0.0513
0.0474
0.0481
0.0483
0.0486
0.0439
0.051
0.0461
0.0522
0.0481
0.0491
0.0466
0.0439
0.0449
0.0442
0.0444
0.0457
0.0505
0.0444
0.042
0.0471
0.0056
-0.004
0.0522
0.0808
0.0999
0.0601
-0.003
0.0486
0.0667
0.0078
-0.041
-0.052
0.0193
0.1201
0.1855
0.1934
0.1775
0.1223
0.0957
0.0947
0.1226
0.2705
0.4084
0.5688
0.6321
0.6482
0.6226
0.5249
0.4812
0.4639
0.4194
0.3623
0.2688
0.2351
0.2141
0.1926
0.2346
0.2659
0.3022
0.3557
0.4426
0.4888
0.4746
0.4609
0.4492
0.4194
0.3838
0.2993
0.2332
0.124
0.0508
0.0339
0.1519
0.2905
0.125
0.2405
0.1687
-0.025
0.314
0.5205
0.2783
0.3003
0.3743
0.1213
0.106
0.0156
-0.001
-0.102
-0.296
-0.198
-0.203
-0.133
-0.204
-0.36
-0.499
-0.558
-0.6
-0.612
-0.598
-0.605
-0.672
-0.708
-0.818
-0.907
-0.939
-1.04
-1.08
-1.11
-1.13
-1.14
-1.16
-1.16
-1.16
-1.15
-1.15
-1.14
-1.08
-1.06
-1.04
-1.04
-0.999
-0.969
-0.938
-0.929
-0.91
-0.872
-0.804
-0.805
-0.814
-0.784
-0.75
-0.701
-0.696
-0.648
-0.624
-0.505
-0.454
-0.352
-0.26
-0.28
-0.284
-0.281
-0.101
0.0259
0.1943
0.259
0.3835
0.4873
0.6133
0.6638
0.8779
1.007
1.104
1.226
1.291
1.688
1.65
1.755
1.712
1.835
1.822
1.798
1.701
1.634
1.504
1.48
1.442
1.421
1.457
1.44
1.432
1.393
1.361
1.303
1.257
1.198
1.161
1.126
1.118
1.121
1.12
1.104
1.09
1.058
1
0.967
0.886
0.8564
0.8005
0.7317
0.6758
0.634
0.509
0.1316
0.3467
0.397
0.2974
0.1611
0.1965
0.0913
-0.108
-0.283
-0.414
-0.572
-0.792
-0.948
-1.37
-1.45
-1.72
-1.82
-2.01
-2.09
-2.22
-2.18
-2.24
-2.23
-2.27
-2.23
-2.11
-1.95
-1.8
-1.6
-1.46
-1.38
-1.26
-1.21
-1.17
-1.09
-1.06
-0.926
-0.845
-0.791
-0.692
-0.59
-0.453
-0.36
-0.193
-0.133
-0.016
0.0574
0.1206
0.2498
0.323
0.4192
0.5415
0.6526
0.7773
0.804
0.9907
1.158
1.196
1.35
1.39
1.415
1.487
1.506
1.574
1.609
1.665
1.632
1.633
1.633
1.613
1.612
1.59
1.53
1.504
1.434
1.402
1.338
1.325
1.291
1.278
1.21
1.166
1.102
1.035
1.014
0.9724
0.9341
0.8533
0.8462
0.2
0.8459
0.5037
0.4702
0.4363
0.3796
0.2981
0.1313
-0.007
-0.215
-0.122
-0.535
-0.569
-0.896
-1.07
-1.55
-2.03
-2.35
-2.78
-3.02
-3.29
-3.35
-3.33
-3.22
-3.06
-2.94
-2.71
-2.42
-2.18
-1.92
-1.73
-1.5
-1.37
-1.22
-1.1
-0.955
-0.832
-0.644
-0.542
-0.396
-0.317
-0.242
-0.061
0.0454
0.1895
0.2881
0.407
0.5173
0.7046
0.5994
0.7927
0.9353
1.059
1.291
1.443
1.507
1.549
1.571
1.595
1.663
1.651
1.659
1.751
1.811
2.081
2.023
1.947
1.761
1.577
1.457
1.333
1.248
1.18
1.123
1.081
1.063
1.038
0.9912
0.9465
0.8098
0.7075
0.5796
0.4976
0.3906
0.3059
0.2144
-0.127
-0.167
0.0195
0.0354
-0.122
-0.236
-0.464
-0.757
-1.21
-1.56
-2.04
-2.33
-2.5
-2.7
-2.79
-2.88
-2.97
-3.06
-3.08
-3.1
-3.07
-2.95
-2.69
-2.44
-1.99
-1.76
-1.46
-1.25
-1
-0.828
-0.659
-0.559
-0.302
-0.131
0.0088
0.2629
0.4568
0.5332
0.812
0.8787
1.05
1.276
1.378
1.633
1.777
1.94
2.135
2.233
2.369
2.44
2.458
2.388
2.268
2.195
2.07
1.902
1.752
1.523
1.385
1.242
1.186
1.125
1.134
1.003
0.9392
0.7766
0.5916
0.447
0.2888
0.2097
-0.745
0.0881
0.0496
-0.107
-0.332
-0.342
-0.653
-0.884
-1.11
-1.37
-1.6
-1.97
-2.04
-2.21
-2.39
-2.64
-2.79
-3.03
-3.15
-3.3
-3.33
-3.28
-3.12
-2.95
-2.56
-2.33
-1.93
-1.7
-1.37
-1.16
-0.92
-0.673
-0.522
-0.265
-0.224
-0.069
-0.008
0.156
0.3323
0.5845
0.6465
0.8809
1.151
1.381
1.697
1.853
1.919
1.973
1.877
1.829
1.858
1.85
1.805
1.788
1.754
1.721
1.709
1.649
1.609
1.42
1.343
1.269
1.072
0.9819
0.844
0.7732
0.6709
0.5767
0.3918
0.4927
0.3994
0.2566
0.2078
0.2153
0.241
0.0132
-0.217
-0.419
-0.591
-0.911
-1.13
-1.32
-1.42
-1.61
-1.71
-1.96
-2.07
-2.25
-2.43
-2.52
-2.54
-2.53
-2.5
-2.49
-2.41
-2.31
-2.05
-1.93
-1.71
-1.53
-1.38
-1.24
-1.11
-0.891
-0.829
-0.653
-0.521
-0.369
-0.151
-0.024
0.0349
0.1338
0.0713
0.4607
0.4246
0.6482
0.9478
1.18
1.524
1.699
1.962
2.157
2.428
2.75
2.89
2.721
2.734
2.625
2.54
2.408
2.276
2.084
2.014
1.877
1.738
1.61
1.352
1.222
1.169
1.129
1.104
1.053
0.9497
0.8364
0.5242
0.8555
0.7261
0.6689
0.4851
0.9199
0.6455
0.324
0.0432
-0.218
-0.494
-0.722
-0.739
-0.525
-1.02
-1.07
-1.41
-1.58
-1.92
-2.02
-2.24
-2.43
-2.55
-2.71
-2.78
-2.81
-2.75
-2.6
-2.46
-2.25
-2.1
-1.93
-1.81
-1.63
-1.45
-1.41
-1.25
-1.08
-0.876
-0.69
-0.521
-0.468
-0.417
-0.289
-0.174
-0.137
0.0938
0.3474
0.5178
1.03
1.427
1.894
2.239
2.393
2.505
2.638
2.603
2.674
2.873
2.977
2.885
2.863
2.713
2.663
2.616
2.535
2.353
2.207
1.873
1.518
1.409
1.285
1.203
1.414
1.132
0.968
0.7229
0.3418
0.5601
0.6282
0.5496
0.3987
0.3513
0.2163
-0.106
-0.256
-0.667
-0.923
-1.01
-1.01
-1.05
-0.984
-1.04
-1.14
-1.31
-1.54
-1.76
-2.16
-2.34
-2.63
-2.7
-2.72
-2.69
-2.61
-2.48
-2.36
-2.26
-2.28
-2.11
-2.18
-1.97
-1.86
-1.64
-1.49
-1.32
-1.03
-0.919
-0.657
-0.517
-0.268
-0.054
0.2644
0.5
0.8782
0.978
1.237
1.502
1.526
1.256
1.299
1.466
1.352
1.503
1.604
1.723
1.932
2.041
2.057
2.019
2.072
2.081
2.087
2.038
1.964
1.938
1.871
1.802
1.696
1.546
1.468
1.346
1.31
1.168
1.152
1.282
1.094
0.8975
0.78
0.2642
0.5164
0.4019
0.4568
0.3083
0.259
0.103
-0.191
-0.374
-0.636
-0.841
-1.22
-1.61
-1.88
-2.29
-2.1
-1.93
-2.28
-2.22
-2.44
-2.85
-3.12
-3.48
-3.48
-3.24
-2.86
-2.57
-2.3
-2.03
-1.8
-1.73
-1.61
-1.52
-1.57
-1.42
-1.2
-1.09
-0.936
-0.708
-0.582
-0.421
-0.193
0.0339
0.2222
0.5056
0.8083
1.186
1.341
1.579
1.716
1.773
2.038
2.072
2.117
2.145
2.261
2.326
2.385
2.393
2.245
2.103
1.954
1.641
1.559
1.417
1.316
1.196
1.172
1.036
0.9846
0.856
0.9624
0.9756
0.8293
0.7607
0.6653
0.8364
0.6606
0.6865
0.7556
0.9272
1.001
0.9915
0.8943
0.7227
0.6252
0.2102
0.0581
0.9224
2.817
0.45
-0.888
-1.67
-1.88
-2.37
-2.09
-1.95
-1.85
-1.77
-1.97
-2.09
-2.3
-2.33
-2.29
-2.23
-2.15
-2.07
-2.06
-1.99
-1.94
-1.83
-1.77
-1.61
-1.6
-1.54
-1.48
-1.44
-1.35
-1.26
-1.13
-1.03
-0.866
-0.803
-0.502
-0.366
-0.15
0.0461
-0.026
0.6099
0.7297
1.05
1.147
1.502
1.673
1.775
1.929
1.938
2.029
2.166
2.156
2.277
2.5
2.791
2.792
2.835
2.838
2.776
2.663
2.591
2.425
2.389
2.205
2.008
1.841
1.528
1.38
1.219
1.07
0.9622
0.927
0.8711
0.7898
0.7549
0.6492
0.5593
0.4915
0.322
0.0981
-0.122
0.0688
-0.689
-0.426
-0.267
-0.97
-1.25
-1.5
-2.04
-2.42
-2.84
-3.11
-3.24
-3.31
-3.27
-3.13
-2.93
-2.72
-2.57
-2.31
-2.17
-1.93
-1.77
-1.61
-1.47
-1.34
-1.25
-1.14
-1.07
-1.03
-0.904
-0.831
-0.828
-0.773
-0.701
-0.687
-0.655
-0.459
-0.604
-0.285
-0.36
-0.011
0.1746
0.4409
0.7297
1.131
1.363
1.749
1.945
2.49
2.692
2.929
3.13
3.248
3.398
3.502
3.571
3.578
3.542
3.467
3.361
3.262
3.068
2.814
2.632
2.371
2.195
2.002
1.843
1.669
1.568
1.472
1.438
1.262
1.152
0.9482
0.6824
0.5674
-0.909
0.4292
0.2749
0.1384
-0.771
-0.778
-1.12
-1.74
-1.81
-2.02
-2.31
-2.36
-2.69
-2.87
-2.85
-2.9
-2.85
-2.73
-2.54
-2.4
-2.21
-2.07
-1.9
-1.82
-1.71
-1.7
-1.7
-1.72
-1.69
-1.75
-1.73
-1.68
-1.6
-1.58
-1.55
-1.41
-1.38
-1.15
-1.13
-0.798
-0.715
-0.278
-0.43
-0.239
0.1265
0.4407
0.6643
0.8547
1.226
1.422
1.711
1.833
2.161
2.368
2.818
3.139
3.268
3.535
3.613
3.752
3.792
3.759
3.682
3.491
3.32
3.14
2.977
3.234
2.413
2.362
2.332
2.189
2.03
1.921
1.82
1.659
1.515
1.376
1.3
1.198
1.067
0.9026
0.7559
0.5486
0.3311
0.2495
-0.01
-0.576
-0.141
0.6406
-0.427
-0.243
-0.583
-0.552
-0.831
-0.964
-1.35
-1.45
-1.7
-1.84
-1.82
-1.98
-2.04
-2.13
-2.11
-2.13
-2.12
-2.06
-2.06
-2.01
-1.93
-1.86
-1.75
-1.66
-1.59
-1.55
-1.54
-1.43
-1.43
-1.39
-1.33
-1.2
-1.17
-1.01
-0.935
-0.853
-0.67
-0.557
-0.163
-0.075
0.0925
0.0522
0.2861
0.5151
0.6138
0.7729
1.042
1.425
1.497
1.941
2.398
2.413
2.668
2.994
3.244
3.622
3.522
3.644
3.578
3.584
3.491
3.371
3.257
3.058
2.922
2.661
2.441
2.314
2.1
1.942
1.782
1.675
1.549
1.415
1.27
1.171
1.027
0.8362
0.6467
0.408
0.2041
-0.049
-0.324
-0.921
-1.11
-0.487
-1.02
-1.26
-1.93
-2.05
-2.61
-2.8
-3.24
-3.32
-3.37
-3.28
-3.09
-2.93
-2.73
-2.48
-2.34
-2.13
-2.07
-1.94
-1.76
-1.67
-1.54
-1.38
-1.31
-1.23
-1.14
-1.14
-1.1
-0.993
-0.891
-0.802
-0.475
-0.381
-0.018
0.219
0.6729
1.119
1.402
1.779
2.057
2.312
2.521
2.721
2.924
2.939
3.022
3.022
3.077
3.133
3.128
3.112
3.023
2.894
2.679
2.513
2.297
2.113
1.921
1.802
1.553
1.407
1.322
1.194
1.112
1.059
0.8579
0.7383
0.5803
0.3843
0.1914
0.0049
-0.203
-0.423
-0.638
-0.888
-1.08
-1.38
-1.86
-1.89
-2.14
-2.23
-2.35
-2.48
-2.52
-2.51
-2.48
-2.37
-2.26
-2.12
-1.99
-1.89
-1.81
-1.65
-1.62
-1.58
-1.46
-1.32
-1.09
-1.02
-0.872
-0.842
-0.573
-0.576
-0.346
-0.078
0.0432
0.4272
0.6089
1.013
1.216
1.741
1.834
2.158
2.431
2.762
3.029
3.187
3.334
3.405
3.481
3.509
3.497
3.45
3.326
3.226
2.969
2.706
2.524
2.241
2.059
1.801
1.626
1.279
1.142
0.8242
0.6279
0.3516
-0.004
-0.218
-0.459
-0.796
-1.23
-1.61
-2.55
-1.81
-2
-2.64
-2.52
-2.6
-2.83
-2.85
-2.84
-2.87
-2.85
-2.71
-2.56
-2.31
-2.21
-2.07
-2
-2
-1.93
-1.92
-1.8
-1.64
-1.52
-1.36
-1.03
-0.866
-0.771
-0.543
-0.184
-0.07
0.1365
0.7173
1.011
1.586
1.912
2.414
2.681
3.014
3.159
3.377
3.584
3.671
3.728
3.741
3.698
3.629
3.429
3.265
2.942
2.737
2.462
2.2
2.024
1.701
1.503
1.124
0.9155
0.6057
0.333
0.0156
-0.317
-0.688
-1
-1.28
-2.06
-2.41
-1.64
-1.61
-2.3
-2.33
-2.18
-2.38
-2.51
-2.5
-2.48
-2.42
-2.32
-2.18
-2.1
-1.98
-1.94
-1.9
-1.86
-1.87
-1.71
-1.61
-1.5
-1.35
-1.08
-0.933
-0.829
-0.765
-0.615
-0.506
-0.015
0.438
0.7344
1.295
1.677
2.213
2.435
2.831
3.058
3.305
3.418
3.529
3.613
3.644
3.615
3.534
3.372
3.209
2.926
2.758
2.488
2.309
2.011
1.833
1.495
1.117
0.9343
0.5073
0.1733
-0.208
-0.471
-0.908
-1.2
-1.38
-1.74
-1.83
-2.28
-2.69
-1.92
-2.12
-2.47
-2.48
-2.39
-2.5
-2.56
-2.52
-2.47
-2.41
-2.35
-2.25
-2.21
-2.18
-2.02
-1.95
-1.84
-1.63
-1.48
-1.07
-0.886
-0.826
-0.624
-0.329
-0.034
0.1875
0.5786
0.8799
1.386
1.67
1.893
2.203
2.355
2.54
2.635
2.782
2.842
2.906
2.931
2.926
2.863
2.742
2.572
2.423
2.189
2.074
1.807
1.7
1.531
1.401
1.184
1.027
0.7393
0.4514
0.2993
0.072
0.0251
-0.156
-0.268
-0.516
-0.725
-1.03
-1.26
-1.48
-1.6
-1.71
-1.75
-1.72
-1.79
-1.82
-1.84
-1.83
-1.87
-1.88
-1.86
-1.84
-1.79
-1.72
-1.73
-1.63
-1.67
-1.55
-1.52
-1.32
-1.15
-0.812
-0.382
-0.162
0.103
0.2646
0.6584
0.8586
1.226
1.53
1.732
2.019
2.212
2.309
2.422
2.628
2.603
2.431
2.324
2.098
1.966
1.781
1.507
1.565
1.642
1.408
1.288
1.205
1.055
0.8904
0.751
0.5327
0.2983
0.1392
-0.056
-0.274
-0.404
-0.49
-0.485
-0.626
-0.617
-0.728
-0.767
-0.865
-1.02
-1.01
-1.2
-1.35
-1.4
-1.42
-1.43
-1.41
-1.39
-1.23
-1.05
-1.04
-0.986
-0.945
-0.941
-0.987
-1.02
-1.06
-0.953
-0.872
-0.775
-0.675
-0.534
-0.443
-0.337
-0.235
-0.092
0.0491
0.2063
0.2764
0.5002
0.6995
1.06
1.225
1.496
1.696
1.881
2.058
2.198
2.397
2.354
2.344
2.243
2.149
2.083
1.911
1.804
1.629
1.507
1.359
1.144
0.9751
0.6743
0.5063
0.2366
0.0862
-0.144
-0.303
-0.403
-0.54
-0.756
-0.892
-0.98
-1.12
-1.21
-1.31
-1.39
-1.47
-1.49
-1.59
-1.6
-1.58
-1.52
-1.46
-1.4
-1.38
-1.33
-1.28
-1.22
-1.12
-1.03
-0.989
-0.92
-0.909
-0.806
-0.75
-0.688
-0.507
-0.38
-0.119
0.0093
0.3491
0.5449
0.8115
0.9285
1.235
1.457
1.606
1.882
1.948
2.198
2.269
2.383
2.425
2.437
2.395
2.325
2.253
2.191
2.089
2.024
1.777
1.585
1.302
1.123
0.8677
0.7253
0.5698
0.3696
0.3311
0.1853
0.1218
-0.027
-0.061
-0.278
-0.428
-0.712
-0.829
-0.987
-1.15
-1.18
-1.16
-1.31
-1.45
-1.45
-1.57
-1.59
-1.56
-1.54
-1.51
-1.45
-1.42
-1.35
-1.31
-1.28
-1.18
-1.09
-1.06
-0.923
-0.914
-0.838
-0.858
-0.78
-0.687
-0.621
-0.512
-0.375
-0.078
0.0349
0.374
0.6375
0.969
1.157
1.532
1.777
1.97
2.174
2.27
2.377
2.414
2.528
2.518
2.597
2.502
2.469
2.341
2.267
2.164
2.029
1.804
1.654
1.444
1.371
1.235
1.246
1.121
0.9985
0.9673
0.7266
0.6687
0.4341
0.3074
0.0334
-0.107
-0.333
-0.462
-0.675
-0.914
-0.989
-1.21
-1.4
-1.53
-1.75
-1.81
-1.9
-2.01
-2.1
-2.16
-2.18
-2.13
-2.09
-2.03
-1.88
-1.83
-1.64
-1.61
-1.34
-1.18
-1.11
-1.01
-0.884
-0.697
-0.62
-0.405
-0.389
-0.21
-0.077
0.1924
0.3933
0.7314
1.011
1.392
1.79
1.955
2.228
2.348
2.483
2.534
2.63
2.668
2.749
2.749
2.723
2.704
2.692
2.619
2.47
2.265
1.994
1.787
1.69
1.602
1.452
1.357
1.243
1.205
1.151
1.02
0.863
0.6719
0.3904
0.1951
-0.046
-0.126
-0.24
-0.432
-0.645
-1
-1.23
-1.29
-1.47
-1.65
-1.69
-1.97
-2.09
-2.25
-2.19
-2.31
-2.38
-2.35
-2.18
-2.03
-1.85
-1.71
-1.51
-1.36
-1.15
-0.993
-0.899
-0.818
-0.778
-0.594
-0.444
-0.182
0.0146
0.2146
0.4451
0.8027
1.093
1.452
1.648
1.886
2.054
2.119
2.238
2.328
2.469
2.538
2.63
2.594
2.619
2.552
2.53
2.337
2.207
1.922
1.823
1.612
1.546
1.526
1.452
1.313
1.04
0.7979
0.3511
0.1746
-0.069
-0.162
-0.299
-0.397
-0.538
-0.687
-0.929
-1.08
-1.29
-1.55
-1.64
-1.74
-1.81
-1.83
-1.86
-1.84
-1.84
-1.9
-1.9
-1.86
-1.74
-1.64
-1.51
-1.37
-1.28
-1.15
-0.993
-0.909
-0.816
-0.708
-0.535
-0.377
-0.298
-0.077
0.0605
0.3269
0.5698
0.8513
1.235
1.423
1.626
2.001
2.131
2.213
2.342
2.341
2.436
2.462
2.515
2.585
2.627
2.632
2.431
2.095
1.928
1.702
1.717
1.85
1.805
1.772
1.683
1.558
1.341
1.149
0.9714
0.9038
0.8267
0.7546
0.6299
0.4973
0.1323
-0.062
-0.534
-0.808
-1.07
-1.42
-1.82
-2.64
-2.35
-1.92
-2.54
-2.49
-2.45
-2.61
-2.83
-3.14
-3.17
-3
-2.55
-2.23
-1.79
-1.56
-1.24
-1.02
-0.781
-0.576
-0.365
-0.196
-0.096
0.1079
-0.105
0.2207
0.261
0.3909
0.4712
0.7751
1
1.357
1.688
1.949
2.184
2.364
2.569
2.674
2.688
2.774
2.729
2.744
2.686
2.76
2.849
2.782
2.617
2.242
2.013
1.805
1.794
1.856
1.768
1.738
1.682
1.513
1.344
1.19
0.9395
0.7815
0.5715
0.3499
0.1699
0.0786
-0.054
-0.179
-0.4
-0.656
-0.964
-1.07
-1.39
-1.81
-2.15
-2.37
-2.65
-2.78
-2.8
-2.74
-2.7
-2.68
-2.5
-2.35
-2.01
-1.77
-1.53
-1.28
-1.01
-0.956
-0.82
-0.788
-0.733
-0.606
-0.525
-0.279
-0.119
0.0374
0.1289
0.3833
0.6453
0.748
1.058
1.316
1.598
1.847
2.097
2.2
2.221
2.281
2.219
2.281
2.226
2.353
2.423
2.582
2.656
2.658
2.527
2.211
2.056
1.851
1.824
1.872
1.852
1.865
1.737
1.647
1.538
1.311
0.9817
0.7544
0.3848
0.239
-0.048
-0.138
-0.394
-0.69
-0.853
-1.18
-1.44
-1.65
-1.77
-2.1
-2.26
-2.45
-2.53
-2.58
-2.54
-2.51
-2.42
-2.3
-2.06
-1.88
-1.49
-1.27
-1.07
-0.897
-0.775
-0.713
-0.701
-0.687
-0.649
-0.527
-0.438
-0.363
-0.253
-0.021
0.0564
0.3284
0.5168
0.6877
0.9636
1.226
1.654
1.94
2.336
2.522
2.651
2.566
2.583
2.436
2.404
2.38
2.47
2.563
2.557
2.379
2.175
1.964
1.783
1.731
1.778
1.673
1.625
1.545
1.446
1.392
1.247
1.176
1.006
0.9358
0.7207
0.4744
0.2883
-0.108
-0.413
-0.771
-1.02
-1.41
-1.54
-1.85
-1.99
-2.08
-2.75
-2.76
-3
-3.04
-3.07
-3.04
-2.87
-2.69
-2.29
-2.01
-1.66
-1.39
-1.08
-0.896
-0.664
-0.549
-0.382
-0.201
-0.195
-0.078
0.0388
0.1235
0.2478
0.5232
0.8157
0.8469
1.072
1.191
1.442
1.602
1.796
1.888
1.902
1.903
1.791
1.885
1.864
2.002
2.032
2.134
2.142
2.053
1.95
1.742
1.62
1.5
1.539
1.473
1.488
1.496
1.524
1.376
1.333
1.285
1.235
1.159
1.116
1.111
0.9482
0.719
0.4092
0.0767
-0.047
-0.325
-0.506
-0.693
-0.835
-1.08
-1.4
-1.52
-1.62
-1.89
-2.18
-2.29
-2.43
-2.53
-2.57
-2.52
-2.39
-2.16
-1.95
-1.61
-1.4
-1.18
-1.1
-0.876
-0.784
-0.676
-0.569
-0.547
-0.399
-0.348
-0.264
-0.214
0.0679
0.2783
0.5776
0.7322
1.11
1.226
1.556
1.63
1.775
1.897
2.065
2.338
2.572
2.683
2.757
2.707
2.619
2.378
1.995
1.777
1.511
1.434
1.461
1.446
1.441
1.387
1.354
1.217
1.054
0.9817
0.8511
0.8052
0.7388
0.6885
0.6768
0.5212
0.3972
0.1292
-0.095
-0.361
-0.63
-0.69
-1.03
-1.21
-1.48
-2
-2.6
-3.21
-2.68
-2.85
-3.29
-3.33
-3.5
-3.62
-3.52
-3.22
-2.89
-2.31
-2.03
-1.72
-1.58
-1.28
-1.08
-0.822
-0.6
-0.429
-0.095
0.0168
0.2322
0.4517
0.6851
0.8352
1.26
1.499
1.631
1.89
2.02
2.16
2.189
2.166
2.188
2.06
1.972
1.73
1.656
1.518
1.665
1.611
1.629
1.52
1.246
1.083
0.875
0.7712
0.668
0.6436
0.6375
0.5786
0.5378
0.5032
0.5208
0.5369
0.5725
0.5745
0.5137
0.4121
0.3711
0.196
0.0881
-0.019
-0.078
-0.11
-0.174
-0.216
-0.145
-0.048
-0.151
-0.178
-0.298
-0.455
-0.651
-0.983
-1.2
-1.42
-1.52
-1.6
-1.62
-1.63
-1.63
-1.61
-1.54
-1.51
-1.42
-1.38
-1.34
-1.25
-1.18
-1.16
-1.04
-0.959
-0.916
-0.924
-0.969
-0.977
-0.925
-0.906
-0.89
-0.884
-0.902
-0.902
-0.883
-0.772
-0.615
-0.447
-0.142
0.0388
0.4053
0.5935
0.9114
1.031
1.212
1.352
1.546
1.683
1.75
1.803
1.788
1.815
1.859
1.871
1.853
1.833
1.814
1.755
1.701
1.627
1.521
1.473
1.363
1.296
1.185
1.178
0.9546
0.8406
0.6887
0.5513
0.5183
0.4412
0.3872
0.2764
0.155
0.009
-0.164
-0.356
-0.478
-0.622
-0.767
-0.841
-1.02
-1.14
-1.32
-1.63
-1.6
-1.69
-1.92
-1.95
-2.01
-1.83
-1.77
-1.6
-1.34
-1.46
-1.26
-0.113
-0.567
-0.217
0.0684
0.2144
0.0288
0.0095
0.0581
0.0627
0.0591
0.0803
0.1951
0.3359
0.4561
0.5442
0.6692
0.8433
0.9409
1.013
1.156
1.211
1.229
1.211
1.215
1.22
1.275
1.405
1.553
1.638
1.765
1.831
1.897
1.919
1.854
1.858
1.733
1.61
1.376
1.182
0.9846
0.73
0.6125
0.3792
0.2825
0.0806
0.0518
-0.1
-0.144
-0.207
-0.252
-0.313
-0.412
-0.461
-0.508
-0.531
-0.576
-0.612
-0.695
-0.743
-0.86
-0.978
-1.2
-1.4
-1.49
-1.57
-1.59
-1.6
-1.57
-1.49
-1.42
-1.3
-1.25
-1.17
-1.08
-1.01
-0.869
-0.772
-0.527
-0.434
-0.205
-0.011
0.2295
0.3801
0.5857
0.8154
0.959
1.047
1.161
1.292
1.394
1.552
1.595
1.689
1.777
1.846
1.925
1.958
2.074
2.076
2.147
2.211
2.239
2.242
2.175
2.095
1.913
1.766
1.649
1.447
1.288
1.139
1.025
0.865
0.7048
0.5005
0.3525
0.1228
-0.185
-0.352
-0.573
-0.708
-0.985
-1.07
-1.26
-1.36
-1.46
-1.45
-1.57
-1.68
-1.76
-1.98
-2.09
-2.16
-2.28
-2.29
-2.21
-2.15
-2.05
-2.04
-1.98
-1.89
-1.77
-1.68
-1.54
-1.41
-1.26
-1.26
-1.02
-0.712
-0.143
0.0452
0.4248
0.8108
1.066
1.432
1.663
2.024
2.235
2.612
2.741
2.945
3.062
3.173
3.203
3.196
3.108
3.012
2.805
2.643
2.378
2.186
1.916
1.728
1.469
1.176
0.9934
0.7195
0.5271
0.2144
0.0459
-0.233
-0.555
-0.917
-1.06
-1.27
-1.44
-1.58
-1.83
-1.9
-2.05
-2.08
-2.14
-2.18
-2.24
-2.23
-2.21
-2.16
-2.11
-1.99
-1.93
-1.85
-1.77
-1.62
-1.53
-1.34
-1.19
-0.876
-0.684
-0.389
-0.071
0.1831
0.5696
0.8948
1.276
1.617
2.038
2.299
2.687
2.92
3.074
3.279
3.352
3.398
3.417
3.387
3.331
3.208
3.102
2.956
2.835
2.648
2.453
2.317
2.124
1.955
1.703
1.489
1.204
1.001
0.7122
0.4529
0.1404
-0.263
-0.486
-0.921
-1.13
-1.53
-1.7
-2.02
-2.22
-2.51
-2.69
-3
-3.15
-3.18
-3.19
-3.16
-3.08
-2.98
-2.84
-2.75
-2.63
-2.51
-2.36
-2.24
-1.98
-1.76
-1.64
-1.28
-0.995
-0.538
-0.204
0.2847
0.6619
1.165
1.499
1.982
2.407
2.65
2.99
3.18
3.368
3.432
3.558
3.576
3.634
3.603
3.536
3.425
3.347
3.205
3.104
2.973
2.818
2.674
2.569
2.426
2.226
1.995
1.7
1.515
1.121
0.8347
0.4797
0.1748
-0.254
-0.569
-0.973
-1.3
-1.78
-2.18
-2.48
-2.8
-2.9
-3.13
-3.17
-3.2
-3.19
-3.13
-3.06
-2.87
-2.76
-2.59
-2.43
-2.32
-2.12
-1.99
-1.8
-1.6
-1.39
-1.17
-0.796
-0.553
-0.18
0.2434
0.4744
0.8667
1.214
1.588
1.964
2.303
2.49
2.808
2.838
2.935
2.998
3.013
3.092
3.167
3.223
3.264
3.309
3.29
3.234
3.162
3.061
2.838
2.72
2.515
2.382
2.072
1.873
1.627
1.349
1.047
0.8479
0.4731
0.104
-0.072
-0.462
-0.686
-1.01
-1.2
-1.61
-1.87
-2.2
-2.43
-2.77
-2.92
-3.04
-3.02
-2.98
-2.86
-2.78
-2.67
-2.6
-2.51
-2.43
-2.3
-2.19
-1.99
-1.74
-1.57
-1.24
-1.02
-0.687
-0.503
-0.039
0.3003
0.7439
1.081
1.47
1.91
2.042
2.428
2.577
2.884
2.849
2.987
3.037
3.022
3.018
2.97
2.89
2.844
2.777
2.708
2.599
2.539
2.395
2.294
2.14
2.086
1.894
1.728
1.602
1.425
1.214
0.9263
0.7278
0.4043
0.1038
-0.273
-0.535
-0.865
-1.11
-1.26
-1.59
-1.72
-1.94
-2.09
-2.3
-2.32
-2.45
-2.58
-2.62
-2.64
-2.61
-2.55
-2.53
-2.41
-2.32
-2.1
-1.99
-1.81
-1.64
-1.41
-1.2
-0.968
-0.603
-0.412
-0.099
0.0684
0.521
0.6619
1.139
1.362
1.829
1.937
2.339
2.627
2.784
3.044
3.131
3.259
3.334
3.422
3.438
3.434
3.404
3.322
3.218
3.125
2.965
2.836
2.627
2.476
2.224
2.049
1.808
1.567
1.274
0.9592
0.759
0.5046
0.3237
0.1216
-0.069
-0.255
-0.364
-0.539
-0.603
-0.607
-0.663
-0.782
-0.825
-0.979
-1.08
-1.22
-1.35
-1.51
-1.72
-1.85
-2.01
-2.22
-2.28
-2.29
-2.28
-2.29
-2.26
-2.19
-2.14
-2.09
-2.07
-2.02
-1.88
-1.79
-1.64
-1.53
-1.3
-1.15
-0.974
-0.821
-0.6
-0.413
-0.207
0.0344
0.2058
0.417
0.6516
0.6987
0.8091
0.9265
0.9551
1.044
1.125
1.263
1.401
1.526
1.778
1.953
2.22
2.419
2.687
2.871
3.096
3.245
3.413
3.584
3.556
3.592
3.552
3.508
3.39
3.214
3.131
2.904
2.757
2.563
2.351
2.215
1.961
1.81
1.559
1.322
0.9985
0.751
0.4172
0.228
-0.052
-0.343
-0.433
-0.652
-0.772
-0.971
-1.02
-1.14
-1.29
-1.35
-1.47
-1.61
-1.75
-1.84
-1.95
-2.02
-2.22
-2.24
-2.24
-2.2
-2.16
-2.13
-2.05
-2.05
-2
-1.99
-2
-2.01
-2.01
-1.99
-2.01
-1.97
-1.94
-1.85
-1.83
-1.68
-1.48
-1.3
-1.11
-0.954
-0.654
-0.443
-0.121
0.0706
0.2461
0.4275
0.6128
0.9094
1.134
1.476
1.7
2.034
2.243
2.576
2.701
2.856
2.933
3.06
3.213
3.206
3.342
3.359
3.441
3.466
3.483
3.486
3.393
3.307
3.148
2.942
2.818
2.688
2.466
2.309
2.19
1.977
1.817
1.611
1.45
1.2
0.9292
0.7395
0.511
0.3552
0.1587
0.0774
-0.111
-0.15
-0.332
-0.367
-0.496
-0.705
-0.811
-0.979
-1.16
-1.36
-1.43
-1.55
-1.66
-1.82
-1.95
-2.01
-2.11
-2.2
-2.2
-2.23
-2.28
-2.33
-2.38
-2.41
-2.45
-2.49
-2.54
-2.56
-2.52
-2.43
-2.33
-2.14
-1.95
-1.73
-1.56
-1.19
-1.02
-0.66
-0.462
-0.24
0.0176
0.2249
0.3445
0.5562
0.8176
0.9082
1.13
1.3
1.458
1.54
1.661
1.745
1.816
1.949
2.09
2.323
2.485
2.794
2.956
3.22
3.358
3.582
3.745
3.819
3.879
3.865
3.815
3.747
3.542
3.404
3.162
2.989
2.786
2.48
2.324
2.122
1.865
1.627
1.468
1.214
1.079
0.844
0.7007
0.4932
0.2595
0.1282
-0.072
-0.202
-0.431
-0.542
-0.746
-0.867
-1.08
-1.21
-1.41
-1.58
-1.68
-1.88
-1.95
-2.04
-2.11
-2.24
-2.33
-2.49
-2.58
-2.72
-2.8
-2.84
-2.88
-2.88
-2.85
-2.82
-2.73
-2.63
-2.44
-2.32
-2.12
-1.83
-1.65
-1.4
-1.17
-0.924
-0.752
-0.496
-0.341
-0.173
0.0195
0.0962
0.3582
0.3799
0.4851
0.7014
0.9319
1.104
1.446
1.7
2.032
2.258
2.568
2.883
3.082
3.406
3.57
3.8
3.903
4
4
3.998
3.95
3.872
3.708
3.599
3.358
3.218
2.962
2.784
2.525
2.321
2.054
1.873
1.599
1.374
1.222
1.017
0.8796
0.7002
0.5537
0.3665
0.252
0.0256
-0.108
-0.354
-0.52
-0.729
-0.997
-1.17
-1.44
-1.56
-1.81
-1.98
-2.13
-2.22
-2.38
-2.52
-2.58
-2.64
-2.72
-2.76
-2.76
-2.75
-2.74
-2.72
-2.72
-2.72
-2.68
-2.65
-2.49
-2.41
-2.25
-2.09
-1.87
-1.72
-1.48
-1.35
-1.02
-0.835
-0.624
-0.283
-0.087
0.3413
0.3396
0.6943
0.9248
1.109
1.312
1.679
1.932
2.231
2.584
2.808
3.108
3.301
3.669
3.833
4
4
4
4
4
4
4
4
4
3.915
3.791
3.53
3.317
2.984
2.737
2.347
1.959
1.763
1.474
1.26
1.03
0.8313
0.5964
0.4329
0.1658
0.0076
-0.33
-0.606
-0.756
-1.04
-1.25
-1.54
-1.64
-1.94
-2.15
-2.3
-2.41
-2.69
-2.83
-2.86
-3
-3.05
-3.06
-3.05
-3.04
-3.03
-2.99
-2.96
-2.93
-2.86
-2.81
-2.67
-2.62
-2.41
-2.19
-2.06
-1.87
-1.71
-1.54
-1.31
-1.07
-0.913
-0.593
-0.424
-0.074
-0.04
0.2573
0.4495
0.6604
1.003
1.321
1.761
1.996
2.439
2.723
3.114
3.389
3.726
4
4
4
4
4
4
4
4
4
4
4
4
4
3.714
3.477
3.06
2.703
2.261
1.968
1.52
1.266
0.9294
0.7095
0.4272
0.2271
0.031
-0.215
-0.33
-0.583
-0.728
-1.02
-1.23
-1.44
-1.66
-1.93
-2.17
-2.42
-2.72
-2.87
-3.17
-3.34
-3.54
-3.97
-2.95
-3.04
-3.43
-3.69
-3.8
-4
-4
-4
-4
-4
-3.93
-3.7
-3.35
-2.83
-2.36
-2.03
-1.82
-1.53
-1.02
-0.756
-0.243
0.1831
0.7317
0.8787
1.207
1.889
2.089
2.54
2.831
3.167
3.336
3.662
3.749
4
4
4
4
4
4
4
4
4
4
4
4
3.917
3.673
3.398
3.179
2.857
2.54
2.227
1.875
1.5
1.274
0.9446
0.7439
0.4531
0.1667
-0.016
-0.272
-0.425
-0.737
-0.888
-1.14
-1.32
-1.65
-1.86
-2.12
-2.46
-2.67
-2.85
-2.97
-3.18
-3.27
-3.33
-3.37
-3.37
-3.32
-3.23
-3.2
-3.1
-3.03
-3
-2.83
-2.69
-2.52
-2.34
-2.1
-1.92
-1.71
-1.48
-1.21
-0.866
-0.674
-0.223
-0.131
0.1904
0.4741
0.8154
1.114
1.562
1.942
2.398
2.833
3.09
3.451
3.653
3.991
4
4
4
4
4
4
4
4
4
4
3.878
3.67
3.332
3.092
2.732
2.508
2.097
1.74
1.514
1.196
1.014
0.74
0.6045
0.3779
0.2534
0.0149
-0.098
-0.361
-0.594
-0.725
-0.953
-1.13
-1.38
-1.56
-1.75
-1.94
-2.07
-2.15
-2.4
-2.58
-2.65
-2.84
-2.94
-2.97
-3
-3.06
-3.08
-3.15
-3.19
-3.24
-3.22
-3.22
-3.17
-3.13
-2.88
-2.69
-2.42
-2.14
-1.75
-1.48
-1.14
-0.862
-0.622
-0.265
-0.147
0.1665
0.3853
0.7292
0.749
1.134
1.352
1.644
2.015
2.29
2.652
2.846
3.197
3.428
3.636
3.806
4
4
4
4
4
4
4
4
4
4
3.885
3.6
3.385
3.027
2.694
2.446
2.126
1.85
1.507
1.277
0.9297
0.6826
0.3845
0.1912
-0.133
-0.449
-0.608
-0.969
-1.16
-1.43
-1.6
-1.85
-2.06
-2.36
-2.48
-2.81
-3.04
-3.12
-3.21
-3.22
-3.25
-3.24
-3.23
-3.25
-3.24
-3.2
-3.14
-3.03
-2.89
-2.76
-2.59
-2.36
-2.23
-1.97
-1.78
-1.5
-1.31
-1.01
-0.7
-0.469
-0.002
0.2351
0.6089
0.9229
1.364
1.621
2.053
2.285
2.646
2.994
3.203
3.433
3.644
3.831
3.958
4
4
4
4
4
4
4
4
3.86
3.645
3.531
3.186
3.016
2.692
2.488
2.198
1.917
1.802
1.49
1.325
1.059
0.8584
0.595
0.4258
0.1372
-0.007
-0.325
-0.607
-0.794
-1.07
-1.23
-1.49
-1.7
-2.04
-2.24
-2.55
-2.73
-2.87
-3.07
-3.17
-3.28
-3.33
-3.46
-3.46
-3.47
-3.46
-3.44
-3.41
-3.38
-3.32
-3.26
-3.12
-3.02
-2.75
-2.61
-2.29
-2.09
-1.76
-1.57
-1.2
-0.812
-0.612
-0.213
0.0735
0.4399
0.5701
0.9465
1.192
1.551
1.805
2.264
2.798
3.114
3.568
3.875
4
4
4
4
4
4
4
4
4
4
4
4
3.907
3.492
3.261
2.827
2.533
2.137
1.765
1.562
1.177
0.9558
0.6409
0.4224
0.093
-0.152
-0.519
-0.748
-1.09
-1.44
-1.65
-1.93
-2.09
-2.36
-2.53
-2.76
-2.91
-3.12
-3.25
-3.35
-3.41
-3.4
-3.4
-3.41
-3.38
-3.36
-3.33
-3.29
-3.2
-3.1
-2.99
-2.88
-2.7
-2.45
-2.29
-1.99
-1.78
-1.43
-1.22
-0.751
-0.458
-0.153
0.1819
0.5698
0.9688
1.283
1.77
2.094
2.556
2.883
3.371
3.651
3.991
4
4
4
4
4
4
4
4
4
4
4
4
3.86
3.517
3.284
2.897
2.634
2.273
2.066
1.648
1.428
1.053
0.8147
0.4351
0.0642
-0.152
-0.519
-0.732
-1.05
-1.28
-1.61
-1.79
-2.09
-2.27
-2.59
-2.83
-2.96
-3.23
-3.33
-3.38
-3.47
-3.58
-3.59
-3.65
-3.68
-3.7
-3.7
-3.65
-3.57
-3.52
-3.28
-3.15
-2.97
-2.8
-2.47
-2.3
-1.89
-1.52
-1.15
-0.755
-0.31
0.1968
0.3958
0.9141
1.286
1.708
2.046
2.567
3.103
3.507
3.991
4
4
4
4
4
4
4
4
4
4
4
4
4
3.97
3.57
3.32
2.862
2.524
2.075
1.753
1.338
0.9421
0.6965
0.3506
0.124
-0.219
-0.457
-0.833
-1.07
-1.41
-1.62
-1.92
-2.24
-2.45
-2.69
-2.84
-3.13
-3.19
-3.34
-3.47
-3.57
-3.58
-3.65
-3.64
-3.61
-3.61
-3.6
-3.56
-3.51
-3.4
-3.23
-3.15
-2.93
-2.68
-2.34
-2.21
-1.81
-1.48
-1.1
-0.811
-0.234
0.1829
0.6267
0.9893
1.619
2.179
2.525
3.135
3.523
3.971
4
4
4
4
4
4
4
4
4
4
4
4
4
4
3.74
3.454
3.009
2.728
2.311
1.891
1.605
1.215
0.939
0.5286
0.2561
-0.117
-0.385
-0.753
-0.979
-1.43
-1.79
-2.01
-2.38
-2.59
-2.95
-3.05
-3.4
-3.52
-3.64
-3.81
-3.89
-3.96
-3.97
-3.94
-3.9
-3.91
-3.9
-3.85
-3.77
-3.75
-3.64
-3.46
-3.15
-2.95
-2.47
-2.21
-1.66
-1.28
-0.66
-0.103
0.6865
1.108
1.976
2.765
3.255
4
4
4
4
4
4
4
4
4
4
4
4
4
4
4
4
4
3.435
3.079
2.526
1.939
1.573
1.027
0.6826
0.1729
-0.138
-0.59
-0.907
-1.46
-1.73
-2.15
-2.57
-2.84
-3.24
-3.33
-3.69
-3.77
-4
-4
-4
-4
-4
-4
-4
-4
-4
-4
-4
-4
-4
-3.71
-3.56
-3.24
-2.9
-2.34
-1.74
-1.24
-0.662
-0.233
0.3823
0.8469
1.398
1.722
2.26
2.489
2.916
3.375
3.671
4
4
4
4
4
4
4
4
4
4
4
4
4
4
4
3.957
3.641
3.138
2.781
2.243
1.649
1.258
0.6775
0.2607
-0.375
-0.733
-1.26
-1.59
-2.03
-2.3
-2.65
-2.98
-3.15
-3.38
-3.52
-3.69
-3.8
-3.89
-3.95
-3.88
-3.91
-3.85
-3.75
-3.69
-3.59
-3.46
-3.32
-3.12
-2.75
-2.49
-2.04
-1.76
-1.2
-0.541
-0.088
0.7581
1.335
2.16
2.744
3.602
4
4
4
4
4
4
4
4
4
4
4
4
4
4
4
4
3.85
3.281
2.911
2.253
1.803
1.07
0.5811
-0.054
-0.524
-1.23
-1.65
-2.3
-3.01
-3.25
-3.8
-4
-4
-4
-4
-4
-4
-4
-4
-4
-4
-4
-4
-4
-4
-4
-4
-4
-4
-3.7
-2.83
-2.32
-1.54
-1
0.0071
0.614
1.619
2.163
2.917
3.476
4
4
4
4
4
4
4
4
4
4
4
4
4
4
4
4
4
4
3.878
3.452
2.764
2.308
1.66
0.916
0.3486
-0.53
-1.07
-1.85
-2.43
-3.07
-3.36
-3.92
-4
-4
-4
-4
-4
-4
-4
-4
-4
-4
-4
-4
-4
-3.67
-3.26
-2.63
-2.11
-1.37
-0.842
0.05
0.7083
1.649
2.28
3.368
3.894
4
4
4
4
4
4
4
4
4
4
4
4
4
4
4
3.678
3.072
2.618
1.924
1.395
0.6135
0.0415
-0.826
-1.68
-2.22
-2.94
-3.34
-3.92
-4
-4
-4
-4
-4
-4
-4
-4
-4
-4
-4
-4
-4
-3.83
-3.12
-2.57
-1.65
-0.602
0.1467
1.309
2.116
3.254
3.962
4
4
4
4
4
4
4
4
4
4
4
4
4
4
4
3.821
3.101
2.591
1.873
1.346
0.645
0.0852
-0.677
-1.35
-2.32
-2.96
-3.88
-4
-4
-4
-4
-4
-4
-4
-4
-4
-4
-4
-4
-4
-4
-4
-3.57
-2.87
-1.87
-1.07
-0.024
0.689
1.766
2.984
3.778
4
4
4
4
4
4
4
4
4
4
4
4
4
4
4
4
4
4
3.971
3.271
2.527
2.091
1.411
0.9165
0.0674
-0.538
-1.6
-2.4
-3.36
-4
-4
-4
-4
-4
-4
-4
-4
-4
-4
-4
-4
-4
-4
-4
-4
-3.56
-3.17
-2.37
-1.39
-0.719
0.4253
1.268
2.446
3.151
4
4
4
4
4
4
4
4
4
4
4
4
4
4
4
4
4
4
3.307
2.86
2.144
1.609
0.8208
-0.076
-0.703
-1.56
-2.16
-3.08
-3.68
-4
-4
-4
-4
-4
-4
-4
-4
-4
-4
-4
-4
-4
-4
-4
-3.66
-2.73
-2.15
-1.02
-0.324
0.7202
1.464
2.555
3.347
4
4
4
4
4
4
4
4
4
4
4
4
4
4
4
4
4
4
3.06
2.441
1.457
0.8313
-0.058
-0.642
-1.61
-2.24
-3.26
-3.79
-4
-4
-4
-4
-4
-4
-4
-4
-4
-4
-4
-4
-4
-4
-4
-4
-4
-4
-3.42
-2.79
-1.9
-0.836
-0.052
1.273
2.22
3.65
4
4
4
4
4
4
4
4
4
4
4
4
4
4
4
4
3.953
3.129
2.635
1.995
1.601
1.181
0.7681
0.0479
-0.543
-1.6
-2.26
-3.33
-4
-4
-4
-4
-4
-4
-4
-4
-4
-4
-4
-4
-4
-4
-3.96
-3.2
-2.74
-2.13
-1.49
-0.772
-0.281
0.4785
1.363
1.865
2.907
3.505
4
4
4
4
4
4
4
4
4
4
4
4
4
4
4
4
4
3.49
2.987
2.173
1.412
0.9175
0.179
-0.319
-1.26
-1.88
-2.7
-3.37
-4
-4
-4
-4
-4
-4
-4
-4
-4
-4
-4
-4
-4
-4
-4
-3.98
-3.2
-3.1
-2.1
-1.66
-0.764
-0.176
0.8025
1.525
2.484
3.648
4
4
4
4
4
4
4
4
4
4
4
4
4
4
4
4
4
4
3.828
3.454
2.863
2.312
1.948
1.431
1.042
0.2244
-0.376
-1.51
-2.29
-3.1
-3.92
-4
-4
-4
-4
-4
-4
-4
-4
-4
-4
-4
-4
-4
-4
-4
-3.94
-2.97
-2.88
-1.84
-1.26
-0.41
0.2585
1.206
1.938
2.945
4
4
4
4
4
4
4
4
4
4
4
4
4
4
4
4
4
4
3.817
3.264
2.797
2.351
1.883
1.696
1.183
0.7764
0.1533
-0.682
-1.97
-2.81
-4
-4
-4
-4
-4
-4
-4
-4
-4
-4
-4
-4
-4
-4
-4
-4
-4
-3.7
-2.77
-2.33
-1.59
-1.05
-0.271
0.3694
1.46
2.726
3.448
4
4
4
4
4
4
4
4
4
4
4
4
4
4
4
4
4
4
4
4
4
4
4
0
0
0
0
0
0
0
0
0
0
0
0
0
0
0
0
0
0
0
0
0
0
0
0
0
0
0
0
0
0
0
0
0
0
0
0
0
0
0
0
0
0
0
0
0
0
0
0
0
0
0
0
0
0
0
0
0
0
0
0
0
0
0
0
0
0
0
0
0
0
0
0
0
0
0
0
0
0
0
0
0
0
0
0
0
0
0
0
0
0
0
0
0
0
0
0
0
0
0
0
0
0
0
0
0
0
0
0
0
0
0
0
0
0
0
0
0
0
0
0
0
0
0
0
0
0
0
0
0
0
0
0
0
0
0
0
0
0
0
0
0
0
0
0
0
0
0
0
0
0
0
0
0
0
0
0
0
0
0
0
0
0
0
0
0
0
0
0
0
0
0
0
0
0
0
0
0
0
0
0
0
0
0
0
0
0
0
0
0
0
0
0
0
0
0
0
0
0
0
