-0.096
-0.086
-0.093
-0.087
-0.096
-0.092
-0.09
-0.094
-0.095
-0.09
-0.086
-0.096
-0.088
-0.085
-0.078
-0.082
-0.09
-0.081
-0.084
-0.082
-0.078
-0.074
-0.082
-0.081
-0.083
-0.073
-0.079
-0.079
-0.071
-0.083
-0.079
-0.086
-0.077
-0.076
-0.074
-0.082
-0.083
-0.081
-0.085
-0.081
-0.079
-0.083
-0.083
-0.09
-0.088
-0.087
-0.077
-0.087
-0.095
-0.094
-0.092
-0.086
-0.093
-0.09
-0.089
-0.09
-0.089
-0.087
-0.09
-0.086
-0.094
-0.085
-0.088
-0.082
-0.074
-0.085
-0.083
-0.088
-0.083
-0.074
-0.076
-0.081
-0.087
-0.086
-0.074
-0.079
-0.076
-0.078
-0.082
-0.083
-0.077
-0.075
-0.073
-0.082
-0.077
-0.081
-0.074
-0.082
-0.084
-0.087
-0.074
-0.077
-0.084
-0.086
-0.087
-0.081
-0.084
-0.09
-0.084
-0.079
-0.087
-0.083
-0.08
-0.077
-0.077
-0.086
-0.092
-0.093
-0.078
-0.075
-0.078
-0.096
-0.093
-0.06
0.0342
0.0471
0.0496
0.0537
0.1272
0.2644
0.2654
0.1316
-0.005
-0.053
-0.141
-0.226
-0.264
-0.315
-0.313
-0.311
-0.292
-0.219
-0.17
-0.123
-0.052
-0.053
-0.068
-0.03
-0.07
-0.097
-0.117
-0.112
-0.13
-0.147
-0.156
-0.164
-0.2
-0.219
-0.215
-0.197
-0.208
-0.216
-0.198
-0.2
-0.206
-0.174
-0.169
-0.143
-0.097
-0.054
-0.026
0.0752
0.1558
0.155
0.1165
0.1157
0.0552
0.042
-0.025
-0.047
-0.049
-0.081
-0.198
-0.302
-0.365
-0.424
-0.442
-0.443
-0.427
-0.432
-0.435
-0.427
-0.417
-0.381
-0.357
-0.31
-0.28
-0.261
-0.259
-0.255
-0.254
-0.259
-0.263
-0.266
-0.276
-0.281
-0.285
-0.298
-0.304
-0.347
-0.394
-0.448
-0.486
-0.498
-0.488
-0.458
-0.419
-0.352
-0.266
-0.213
-0.131
-0.067
0.0039
0.0613
0.1335
0.1672
0.3223
0.3503
0.4392
0.4939
0.615
0.5916
0.637
0.7031
0.7305
0.7358
0.7249
0.7632
0.7527
0.7634
0.7947
0.7856
0.7637
0.7556
0.7446
0.7334
0.707
0.6875
0.6501
0.6213
0.5776
0.5347
0.4739
0.4368
0.3928
0.3274
0.2922
0.2476
0.2175
0.1902
0.1821
0.155
0.1177
0.0811
0.0457
-0.019
-0.044
-0.082
-0.137
-0.189
-0.251
-0.292
-0.342
-0.36
-0.394
-0.412
-0.444
-0.468
-0.502
-0.511
-0.505
-0.493
-0.487
-0.475
-0.466
-0.458
-0.467
-0.465
-0.474
-0.463
-0.453
-0.438
-0.433
-0.425
-0.416
-0.428
-0.43
-0.437
-0.454
-0.454
-0.464
-0.454
-0.44
-0.431
-0.417
-0.394
-0.377
-0.342
-0.312
-0.281
-0.251
-0.22
-0.198
-0.182
-0.183
-0.193
-0.19
-0.177
-0.168
-0.161
-0.131
-0.11
-0.091
-0.065
-0.034
-0.001
0.0371
0.0757
0.1196
0.1809
0.2058
0.2419
0.2661
0.2761
0.2905
0.2913
0.2957
0.2976
0.2861
0.2712
0.2598
0.2358
0.2205
0.2061
0.199
0.1946
0.1968
0.1958
0.2075
0.2219
0.2273
0.2368
0.2397
0.2529
0.2458
0.2417
0.2332
0.2249
0.2207
0.196
0.1736
0.1174
0.0547
0.0105
-0.047
-0.082
-0.135
-0.173
-0.236
-0.274
-0.336
-0.369
-0.426
-0.463
-0.488
-0.5
-0.511
-0.524
-0.536
-0.556
-0.574
-0.577
-0.578
-0.574
-0.563
-0.561
-0.562
-0.549
-0.542
-0.528
-0.505
-0.476
-0.429
-0.394
-0.339
-0.295
-0.284
-0.269
-0.261
-0.25
-0.247
-0.24
-0.23
-0.216
-0.191
-0.146
-0.102
-0.039
0.0598
0.1035
0.155
0.2305
0.3428
0.4082
0.4905
0.5254
0.5767
0.6079
0.656
0.6978
0.7288
0.7764
0.7913
0.8254
0.8386
0.8608
0.8499
0.8381
0.8176
0.7739
0.7437
0.7021
0.6504
0.613
0.5549
0.5247
0.4695
0.4473
0.4348
0.4131
0.3481
0.2944
0.2207
0.1365
0.0713
-0.047
-0.163
-0.259
-0.274
-0.303
-0.385
-0.51
-0.601
-0.747
-0.869
-0.952
-1.07
-1.13
-1.21
-1.23
-1.26
-1.28
-1.3
-1.34
-1.39
-1.4
-1.38
-1.32
-1.29
-1.23
-1.18
-1.1
-1.05
-0.966
-0.918
-0.865
-0.841
-0.83
-0.79
-0.779
-0.745
-0.695
-0.652
-0.61
-0.524
-0.458
-0.319
-0.268
-0.14
-0.035
-0.021
0.1323
0.2842
0.4871
0.5928
0.759
0.9336
1.006
1.019
1.136
1.149
1.157
1.14
1.117
1.093
1.083
1.076
1.075
1.083
1.116
1.146
1.178
1.221
1.236
1.229
1.169
1.127
1.065
1.029
0.9966
0.9675
0.95
0.9275
0.9175
0.9294
0.938
0.9016
0.7991
0.8701
0.825
0.7356
0.6841
0.54
0.511
0.3638
0.259
0.0872
-0.148
-0.3
-0.513
-0.619
-0.76
-0.817
-0.919
-0.97
-1.07
-1.16
-1.28
-1.37
-1.52
-1.66
-1.75
-1.84
-1.89
-1.91
-1.9
-1.85
-1.8
-1.7
-1.63
-1.53
-1.43
-1.36
-1.25
-1.2
-1.13
-1.07
-1.02
-0.995
-0.945
-0.885
-0.827
-0.724
-0.576
-0.54
-0.423
-0.225
-0.082
0.186
0.3132
0.4067
0.6797
0.7856
0.9763
1.212
1.427
1.502
1.61
1.632
1.599
1.608
1.629
1.602
1.612
1.632
1.603
1.586
1.564
1.55
1.534
1.521
1.493
1.456
1.415
1.373
1.357
1.319
1.289
1.234
1.203
1.205
1.124
1.058
0.9565
1.035
0.9609
0.8601
0.6853
0.6743
0.5864
0.4556
0.3604
0.2517
0.1599
-0.026
-0.144
-0.337
-0.173
-0.534
-0.714
-0.89
-1.09
-1.22
-1.39
-1.48
-1.6
-1.68
-1.81
-1.85
-1.89
-1.92
-1.92
-1.92
-1.89
-1.85
-1.84
-1.79
-1.77
-1.77
-1.77
-1.76
-1.74
-1.7
-1.65
-1.57
-1.47
-1.4
-1.3
-1.24
-1.15
-1.12
-1.06
-1.02
-0.934
-0.841
-0.792
-0.592
-0.078
-0.609
-0.36
-0.268
-0.114
0.0603
0.2324
0.5801
0.436
0.917
1.071
1.299
1.546
1.685
1.795
1.811
1.878
1.865
1.799
1.731
1.623
1.555
1.482
1.396
1.326
1.245
1.188
1.128
1.093
1.065
1.066
1.094
1.098
1.087
1.098
1.111
1.095
1.076
1.052
1.036
0.96
0.8618
0.6975
0.55
0.5652
0.4763
0.3398
0.2048
0.1248
0.0615
-0.004
-0.098
-0.164
-0.301
-0.349
-0.457
-0.522
-0.574
-0.659
-0.723
-0.891
-1.01
-1.25
-1.4
-1.62
-1.75
-1.9
-1.99
-2
-1.97
-1.93
-1.85
-1.83
-1.77
-1.76
-1.76
-1.75
-1.73
-1.73
-1.7
-1.68
-1.63
-1.54
-1.48
-1.36
-1.28
-1.15
-1.06
-0.876
-0.754
-0.562
-0.483
-0.265
-0.099
0.0369
0.2642
0.4521
0.3562
0.7419
0.7339
0.8552
1.002
1.112
1.308
1.437
1.599
1.781
1.908
2.166
2.289
2.438
2.514
2.586
2.591
2.532
2.467
2.333
2.204
2.133
2.007
1.93
1.837
1.76
1.649
1.584
1.455
1.357
1.206
1.042
0.8674
0.8408
0.6897
0.4668
0.3523
0.0845
0.0066
-0.233
-0.383
-0.614
-0.736
-0.961
-1.16
-1.31
-1.56
-1.67
-1.95
-2.09
-2.28
-2.37
-2.52
-2.56
-2.65
-2.71
-2.73
-2.75
-2.75
-2.74
-2.67
-2.7
-2.69
-2.65
-2.61
-2.57
-2.49
-2.34
-2.15
-1.99
-1.71
-1.51
-1.24
-0.993
-0.708
-0.54
-0.193
0.0723
0.3289
0.739
1.054
1.353
1.446
1.718
1.922
2.278
2.406
2.635
2.686
2.673
2.705
2.676
2.599
2.557
2.499
2.474
2.398
2.363
2.282
2.183
2.005
1.888
1.792
1.87
1.827
1.462
1.246
1.167
1.169
1.176
1.212
1.218
1.251
1.149
0.9231
0.8779
0.7666
0.5645
0.4446
0.2542
0.0698
-0.012
-0.221
-0.376
-0.589
-0.779
-0.895
-1.08
-0.858
-1.23
-1.62
-1.83
-1.96
-2.09
-2.17
-2.3
-2.39
-2.45
-2.65
-2.69
-2.74
-2.73
-2.58
-2.47
-2.32
-2.17
-2.05
-1.93
-1.88
-1.9
-1.86
-1.79
-1.74
-1.62
-1.51
-1.31
-1.15
-0.968
-0.81
-0.607
-0.437
-0.178
-0.116
0.0854
0.2957
0.4592
0.553
0.6157
0.8789
1.026
1.273
1.389
1.641
1.8
1.929
2.071
2.154
2.162
2.171
2.135
2.08
1.997
1.935
1.829
1.696
1.624
1.543
1.508
1.467
1.451
1.401
1.374
1.325
1.285
1.268
1.287
1.38
1.302
1.064
0.5298
0.2578
-0.021
-0.181
-0.044
0.0447
0.0496
0.0134
-0.102
-0.318
-0.456
-0.615
-0.687
-0.758
-0.79
-0.854
-0.888
-0.983
-1.08
-1.3
-1.56
-1.72
-1.93
-2.03
-2.14
-2.19
-2.23
-2.25
-2.26
-2.26
-2.25
-2.23
-2.18
-2.09
-2.01
-1.88
-1.82
-1.61
-1.54
-1.43
-1.33
-1.11
-0.991
-0.726
-0.483
-0.29
0.0249
0.2261
0.5247
0.7075
0.863
0.9766
1.208
1.332
1.507
1.726
1.829
1.926
1.969
2.034
2.044
2.066
2.068
2.089
2.074
2.012
1.931
1.825
1.706
1.627
1.545
1.516
1.494
1.462
1.399
1.336
1.279
1.249
1.135
0.9792
0.9395
0.6897
0.6575
0.5112
0.3433
0.1672
-0.006
-0.315
-0.51
-0.718
-0.969
-1.16
-1.45
-1.65
-1.9
-2.02
-2.21
-2.32
-2.47
-2.56
-2.69
-2.75
-2.8
-2.85
-2.84
-2.8
-2.72
-2.62
-2.52
-2.34
-2.22
-2.08
-1.97
-1.79
-1.64
-1.55
-1.39
-1.25
-0.971
-0.811
-0.382
-0.161
0.1855
0.3711
0.822
1.465
1.36
1.741
1.956
2.121
2.192
2.328
2.288
2.292
2.278
2.244
2.235
2.191
2.131
2.078
1.984
1.908
1.822
1.776
1.732
1.714
1.698
1.676
1.635
1.609
1.566
1.507
1.371
1.171
1.034
0.9155
0.7661
0.3926
0.3689
0.0083
-0.408
-0.771
-1.17
-1.44
-1.78
-2.05
-2.21
-2.25
-2.62
-2.77
-2.99
-3.09
-3.25
-3.46
-3.47
-3.36
-3.3
-3.14
-2.98
-2.77
-2.57
-2.24
-2.02
-1.74
-1.46
-1.24
-1.08
-0.886
-0.648
-0.484
-0.227
0.0256
0.2717
0.4731
0.8542
1.203
1.556
2.021
1.947
2.275
2.394
2.482
2.531
2.684
2.691
2.625
2.582
2.521
2.418
2.352
2.203
2.093
1.96
1.905
1.844
1.812
1.821
1.82
1.77
1.696
1.636
1.513
1.416
1.125
1.1
0.8733
0.7512
0.5347
0.2207
-0.199
-0.473
-0.902
-0.695
-1.39
-1.73
-1.89
-2.21
-2.41
-2.63
-2.77
-2.87
-2.96
-3.12
-3.24
-3.27
-3.28
-3.25
-3.1
-2.94
-2.7
-2.54
-2.3
-2.12
-1.87
-1.62
-1.44
-1.21
-1.01
-0.803
-0.671
-0.445
-0.365
-0.151
0.418
-0.469
0.3081
0.9375
1.181
1.408
1.796
1.764
2.148
2.152
2.243
2.302
2.392
2.426
2.392
2.336
2.292
2.24
2.19
2.166
2.15
2.142
2.143
2.132
2.117
2.081
2.018
2.006
1.952
1.885
1.798
1.76
1.572
1.287
1.23
1.041
0.7324
0.3813
0.0769
-0.403
-0.686
-1.09
-1.42
-1.56
-1.87
-2.17
-2.36
-2.66
-2.8
-2.95
-3.03
-3.07
-3.06
-3.03
-2.95
-2.88
-2.74
-2.61
-2.38
-2.21
-1.94
-1.65
-1.51
-1.25
-1.1
-0.928
-0.795
-0.61
-0.455
-0.249
0.0029
-0.276
0.1475
0.1902
0.3652
0.7019
0.5464
0.9214
1.105
1.202
1.474
1.727
1.912
2.013
2.222
2.345
2.416
2.484
2.483
2.435
2.384
2.288
2.204
2.09
2.029
1.976
1.945
1.948
1.994
2.039
2.039
1.95
1.891
1.856
1.759
1.639
1.608
1.504
1.39
1.222
1.085
0.9397
0.7354
0.4514
0.1912
-0.082
-0.252
-0.025
-0.641
-0.957
-1.13
-1.34
-1.62
-1.76
-1.91
-2.01
-2.2
-2.3
-2.45
-2.56
-2.74
-2.68
-2.7
-2.7
-2.63
-2.5
-2.42
-2.3
-2.19
-2.04
-1.97
-1.84
-1.73
-1.63
-1.55
-1.42
-1.21
-1.06
-0.865
-0.743
-0.602
-0.504
-0.497
-0.45
-0.322
-0.156
-0.026
0.1636
0.4561
1.391
-0.268
0.8992
0.689
0.6841
0.8831
0.9619
0.7971
0.9541
0.9661
0.9958
1.144
1.271
1.364
1.438
1.509
1.589
1.695
1.781
1.789
1.808
1.855
1.893
1.898
1.926
1.937
1.951
1.959
1.972
1.989
2.01
2.044
2.066
2.064
2.071
2.081
2.059
1.976
1.862
1.734
1.611
1.488
1.345
1.251
1.149
1.071
1.131
1.147
1.049
0.9727
0.7773
0.678
0.6621
0.4817
0.4541
0.2993
0.3469
0.2695
0.8899
0.2659
0.2222
0.1162
0.0413
-0.052
-0.064
-0.133
-0.217
-0.325
-0.345
-0.455
-0.587
-0.642
-0.734
-0.828
-0.953
-1.01
-1.04
-1.52
-1.58
-1.72
-1.73
-1.74
-1.81
-1.84
-1.85
-1.91
-1.98
-2.02
-2.02
-2.02
-2.02
-1.99
-1.96
-1.94
-1.88
-1.82
-1.73
-1.64
-1.58
-1.5
-1.45
-1.34
-1.25
-1.06
-1.01
-0.832
-0.642
-0.469
-0.361
-0.241
-0.121
-0.063
0.0078
0.0417
0.1157
0.1436
0.1926
0.2397
0.2725
0.3845
0.5432
1.029
1.671
-0.305
0.7351
0.8245
0.6797
1.022
1.205
1.108
0.9375
1.14
1.243
1.345
1.533
1.617
1.708
1.741
1.765
1.755
1.793
1.783
1.844
1.854
1.859
1.863
1.855
1.826
1.816
1.813
1.808
1.823
1.829
1.832
1.832
1.807
1.771
1.738
1.713
1.672
1.649
1.667
1.621
1.565
1.418
1.274
1.191
1.202
1.13
0.989
0.8909
0.6421
0.729
0.6433
0.5044
0.3782
0.3613
1.229
0.4165
0.3293
0.1716
0.0457
-0.069
-0.13
-0.294
-0.356
-0.476
-0.619
-0.764
-0.88
-1.01
-1.13
-1.22
-1.33
-1.47
-1.32
-1.32
-1.94
-2
-1.99
-2.05
-2.11
-2.16
-2.15
-2.17
-2.22
-2.23
-2.22
-2.19
-2.13
-2.05
-1.99
-1.9
-1.79
-1.72
-1.66
-1.62
-1.61
-1.57
-1.42
-1.37
-1.24
-1.19
-1.07
-0.97
-0.823
-0.713
-0.627
-0.537
-0.488
-0.395
-0.339
-0.228
-0.209
0.0247
0.1365
0.3252
0.6284
1.95
-0.361
0.8457
0.9021
0.947
1.201
1.299
1.437
1.477
1.445
1.542
1.716
1.894
2.039
2.149
2.215
2.28
2.316
2.334
2.311
2.33
2.306
2.266
2.245
2.247
2.252
2.26
2.288
2.277
2.246
2.209
2.137
2.092
2.027
1.99
1.889
1.837
1.78
1.517
1.607
1.458
1.345
1.268
1.162
1.052
0.9443
0.8489
0.7861
0.7097
0.5454
0.4089
1.395
0.4641
0.2349
0.1475
-0.081
-0.215
-0.404
-0.445
-0.616
-0.791
-0.917
-1.16
-1.26
-1.46
-1.6
-1.81
-1.96
-1.88
-2.08
-2.58
-2.57
-2.58
-2.6
-2.68
-2.79
-2.76
-2.78
-2.82
-2.87
-2.84
-2.8
-2.7
-2.65
-2.41
-2.39
-2.34
-2.25
-2.1
-1.98
-1.85
-1.74
-1.61
-1.56
-1.44
-1.27
-1.16
-0.949
-0.816
-0.613
-0.474
-0.29
-0.194
0.0049
0.0964
0.4902
2.111
-0.275
1.093
1.193
1.383
1.316
1.694
2.102
2.241
2.272
2.395
2.456
2.559
2.639
2.678
2.729
2.783
2.803
2.829
2.813
2.816
2.772
2.725
2.646
2.555
2.499
2.397
2.339
2.256
2.229
2.146
2.092
2.12
2.041
1.736
1.689
1.554
1.45
1.327
1.085
0.9534
0.8284
0.6313
0.4851
0.2908
0.9529
0.1199
-0.214
-0.533
-0.78
-1.12
-1.28
-1.52
-1.66
-1.91
-2.04
-2.2
-2.37
-2.58
-2.75
-2.96
-3.04
-3.23
-3.52
-3.58
-3.73
-3.77
-3.76
-3.71
-3.57
-3.44
-3.23
-3.02
-2.9
-2.7
-2.58
-2.39
-2.25
-2.1
-1.95
-1.77
-1.69
-1.53
-1.22
-1.03
-0.692
-0.481
-0.285
0.0056
1.492
1.579
0.2837
1.375
1.323
0.7764
1.925
2.302
2.398
2.48
2.578
2.652
2.685
2.823
2.881
2.953
3.035
3.112
3.21
3.249
3.266
3.272
3.246
3.231
3.192
3.193
3.13
3.072
2.995
2.901
2.826
2.695
2.52
2.388
2.417
2.227
2.014
1.727
1.544
1.442
1.246
0.9316
0.6716
0.4072
0.6016
0.6404
-0.076
-0.26
-0.638
-0.947
-1.27
-1.45
-1.73
-2.04
-2.26
-2.59
-2.79
-3.1
-3.29
-3.53
-3.64
-3.81
-3.89
-3.95
-3.95
-3.93
-3.89
-3.83
-3.68
-3.67
-3.42
-3.23
-3.18
-3.12
-2.87
-2.73
-2.51
-2.23
-2.01
-1.85
-1.68
-1.39
-1.18
-0.922
-0.716
-0.384
-0.258
0.1826
0.783
1.647
0.6096
1.325
1.547
1.687
1.779
2.401
2.668
2.787
2.971
3.104
3.252
3.382
3.438
3.523
3.553
3.651
3.664
3.668
3.657
3.641
3.61
3.535
3.518
3.474
3.408
3.351
3.227
3.167
3.031
2.909
2.529
2.618
2.599
2.403
2.06
1.674
1.547
1.286
0.9089
0.3635
0.332
0.1877
0.7285
-0.117
-0.372
-0.524
-1.05
-1.25
-1.53
-1.68
-2.06
-2.31
-2.64
-2.86
-3.12
-3.32
-3.59
-3.76
-3.98
-4
-4
-4
-4
-4
-4
-4
-4
-4
-4
-3.87
-3.59
-3.32
-2.84
-2.6
-2.12
-1.92
-1.57
-1.36
-1.02
-0.741
-0.386
-0.246
0.1433
0.6069
1.115
2.25
1.741
1.464
2.002
2.113
2.318
2.781
2.692
3.123
3.212
3.247
3.457
3.572
3.673
3.699
3.709
3.71
3.722
3.697
3.644
3.545
3.467
3.34
3.274
3.167
3.075
2.975
2.87
2.714
2.616
2.486
2.272
2.203
1.996
1.903
1.635
1.542
1.1
0.9075
0.6348
0.3152
1.143
0.4983
-0.044
-0.29
-0.486
-0.844
-0.977
-1.03
-1.21
-1.47
-1.66
-1.98
-2.04
-2.54
-2.83
-3.01
-3.19
-3.39
-3.57
-3.71
-3.85
-3.93
-4
-4
-4
-4
-3.99
-3.81
-3.84
-3.78
-3.67
-3.53
-3.37
-3.12
-3.02
-2.68
-2.41
-1.99
-1.7
-1.48
-1.06
-0.792
-0.417
-0.156
0.0486
0.2629
0.6284
0.998
1.982
2.734
0.9995
1.908
2.034
2.295
2.754
2.701
2.866
3.067
3.044
3.181
3.269
3.343
3.437
3.504
3.625
3.684
3.769
3.791
3.763
3.717
3.635
3.582
3.485
3.42
3.283
3.155
3.042
2.857
2.714
2.471
2.359
2.104
1.918
1.68
1.584
1.062
0.6777
0.5122
0.1277
0.0581
-0.035
-0.544
-0.898
-1.11
-1.64
-1.89
-2
-2.43
-2.64
-3.01
-3.26
-3.57
-3.74
-3.97
-4
-4
-4
-4
-4
-4
-4
-3.91
-3.93
-3.84
-3.53
-3.31
-3.11
-2.95
-2.71
-2.53
-2.27
-2.02
-1.85
-1.55
-1.34
-0.914
-0.637
-0.339
-0.125
0.3433
0.6956
2.206
0.177
1.486
2.097
2.186
2.756
3.025
2.725
3.237
3.314
3.433
3.607
3.659
3.757
3.843
3.9
3.944
3.954
3.963
3.956
3.948
3.919
3.849
3.775
3.657
3.492
3.391
3.187
3.019
2.804
2.577
2.412
2.265
1.903
1.648
1.406
1.055
0.6692
0.2454
-0.117
-0.306
0.4915
-0.843
-1.18
-1.55
-1.84
-2.35
-2.57
-2.83
-3.15
-3.39
-3.69
-3.86
-4
-4
-4
-4
-4
-4
-4
-3.97
-3.67
-3.63
-3.55
-3.33
-3.1
-2.86
-2.67
-2.29
-2.09
-1.74
-1.5
-1.2
-1
-0.808
-0.486
-0.216
0.2869
0.6318
1.161
2.205
1.109
1.06
2.229
2.327
2.531
2.964
2.912
3.313
3.294
3.354
3.469
3.553
3.63
3.611
3.619
3.613
3.585
3.565
3.502
3.45
3.32
3.227
3.091
2.987
2.808
2.653
2.458
2.193
2.2
1.867
1.717
1.545
1.257
0.8772
0.5027
0.093
-0.155
0.5405
-0.94
-1.32
-1.74
-2.07
-2.54
-2.72
-3.13
-3.33
-3.65
-3.88
-4
-4
-4
-4
-4
-4
-4
-4
-4
-4
-3.99
-3.72
-3.34
-3.11
-2.6
-2.24
-1.75
-1.44
-1.03
-0.798
-0.35
0.0342
0.5178
0.9158
3.225
0.1814
1.972
2.355
2.31
2.909
2.691
3.489
3.654
3.738
3.853
3.971
4
4
4
4
4
4
3.991
3.912
3.759
3.659
3.494
3.403
3.276
3.103
2.969
2.737
2.552
2.469
2.296
1.961
1.875
1.478
1.231
0.7812
0.4495
0.3159
0.6284
-0.092
-0.751
-1.07
-1.54
-2.05
-2.49
-2.75
-3.16
-3.54
-3.81
-4
-4
-4
-4
-4
-4
-4
-4
-4
-3.98
-3.79
-3.55
-3.4
-3.11
-2.93
-2.63
-2.42
-2.09
-1.81
-1.51
-1.27
-0.992
-0.536
-0.393
-0.062
0.0967
0.6143
0.97
1.424
2.097
2.726
1.106
2.812
2.952
3.163
3.778
3.883
3.793
3.997
4
4
4
4
3.987
3.929
3.805
3.698
3.622
3.524
3.422
3.236
3.099
2.936
2.776
2.434
2.121
2.01
1.579
1.137
0.792
0.3618
-0.069
-0.017
-1.01
-1.52
-2.15
-2.57
-3.18
-3.65
-3.95
-4
-4
-4
-4
-4
-4
-4
-4
-4
-4
-4
-3.73
-3.51
-3.13
-2.9
-2.5
-2.21
-1.83
-1.55
-1.07
-0.714
-0.327
0.2891
0.7097
2.516
1.063
2.078
2.459
2.843
2.974
3.146
3.902
4
4
4
4
4
4
4
4
4
4
4
4
4
4
3.792
3.574
3.13
2.985
2.708
2.451
1.952
1.531
1.009
0.5593
-0.146
0.3547
-1.07
-2
-2.51
-3.26
-3.78
-4
-4
-4
-4
-4
-4
-4
-4
-4
-4
-4
-4
-4
-3.95
-3.69
-3.24
-2.93
-2.38
-1.86
-1.52
-0.959
-0.608
-0.106
0.0955
0.7148
1.061
3.153
0.9038
2.657
2.937
3.198
3.721
3.503
4
4
4
4
4
4
4
4
4
4
4
3.906
3.806
3.632
3.505
3.228
3.035
2.673
2.39
2.176
1.778
1.538
1.012
0.7266
0.1257
-0.256
-0.093
-1.23
-2.05
-2.52
-3.17
-3.74
-4
-4
-4
-4
-4
-4
-4
-4
-4
-4
-4
-4
-3.84
-3.5
-2.93
-2.48
-1.86
-1.45
-0.894
-0.48
0.0354
0.6797
1.24
2.693
1.275
2.775
3.165
3.43
3.924
4
4
4
4
4
4
4
4
4
4
4
4
4
3.798
3.627
3.296
2.993
2.62
2.213
1.823
1.192
1.033
0.5217
0.0337
0.3481
-0.699
-1.47
-1.96
-2.77
-3.38
-3.74
-4
-4
-4
-4
-4
-4
-4
-4
-4
-4
-4
-4
-3.86
-3.45
-3.17
-2.67
-2.28
-1.64
-1.31
-0.792
-0.444
0.0964
0.4341
0.6052
1.214
1.548
3.055
2.707
2.908
3.381
3.667
3.892
4
4
4
4
4
4
4
4
4
4
4
3.799
3.537
3.296
2.884
2.664
2.199
1.901
1.571
1.219
1.063
0.8135
0.4426
0.5369
-0.499
-1.14
-1.59
-2.28
-2.69
-3.2
-3.53
-4
-4
-4
-4
-4
-4
-4
-4
-4
-4
-4
-3.65
-3.38
-2.85
-2.51
-2.03
-1.65
-1.1
-0.523
-0.188
0.3523
0.6602
1.087
1.37
1.853
2.116
2.767
4
2.701
3.873
3.963
4
4
4
4
4
4
4
4
3.861
3.707
3.564
3.334
3.117
2.779
2.656
2.315
1.99
1.651
1.442
1.309
1.024
0.9709
0.4377
0.0388
-0.489
-0.855
-1.5
-1.89
-2.49
-2.92
-3.52
-3.97
-4
-4
-4
-4
-4
-4
-4
-4
-4
-3.86
-3.59
-3.11
-2.48
-2.09
-1.48
-1.05
-0.476
-0.111
0.4768
0.8225
1.34
1.686
2.047
2.151
2.652
4
2.047
3.595
3.694
3.658
3.766
3.954
3.929
3.779
3.696
3.616
3.513
3.447
3.312
3.2
2.992
2.843
2.521
2.414
2.23
2.006
1.547
1.263
1.21
0.9314
0.7161
0.3557
0.5388
-0.263
-0.604
-1.02
-1.38
-1.95
-2.3
-2.9
-3.41
-3.77
-4
-4
-4
-4
-4
-4
-4
-4
-3.72
-3.3
-3.02
-2.55
-2.21
-1.75
-1.36
-0.809
-0.476
-0.027
0.2122
0.6375
0.8625
1.2
1.637
1.844
2.312
3.4
2.229
2.951
3.188
3.215
3.377
3.577
3.603
3.626
3.607
3.531
3.48
3.415
3.366
3.212
3.087
2.868
2.652
2.404
2.184
1.945
1.654
1.525
1.34
1.117
0.9993
0.804
0.582
0.405
0.1265
-0.222
-0.669
-1.1
-1.47
-1.97
-2.32
-2.79
-3.14
-3.55
-3.79
-4
-4
-4
-4
-4
-4
-4
-3.82
-3.58
-3.17
-2.9
-2.51
-2.2
-1.78
-1.32
-1.05
-0.623
-0.352
-0.063
0.166
0.4492
0.605
0.8789
1.311
2.465
0.9377
2.35
2.794
2.875
3.433
3.59
3.712
3.864
3.885
3.888
3.847
3.77
3.594
3.441
3.339
3.241
3.192
3.091
3.001
2.818
2.613
2.43
2.352
2.086
1.819
1.706
1.424
1.455
1.13
0.8787
0.6365
0.2415
0.0173
-0.527
-1.14
-1.52
-2.16
-2.78
-3.1
-3.66
-3.98
-4
-4
-4
-4
-4
-4
-4
-3.97
-3.64
-3.11
-2.76
-2.27
-1.99
-1.51
-1.25
-0.94
-0.694
-0.351
-0.007
0.2021
0.5818
0.792
1.135
1.349
1.674
1.93
3.095
1.518
2.627
2.979
3.133
3.268
3.45
3.511
3.479
3.427
3.326
3.115
2.927
2.624
2.425
2.198
1.942
1.822
1.724
1.63
1.457
1.304
1.143
1.038
0.7656
0.7041
0.417
0.1113
-0.095
-0.211
-0.649
-1.02
-1.19
-1.56
-1.75
-2.05
-2.19
-2.43
-2.51
-2.63
-2.65
-2.65
-2.61
-2.55
-2.43
-2.34
-2.18
-2.07
-1.88
-1.76
-1.53
-1.32
-1.23
-1.04
-0.943
-0.783
-0.679
-0.54
-0.451
-0.327
-0.256
-0.158
-
0.0752
0.1682
0.2415
0.3149
0.3667
0.5168
0.5249
0.5781
0.8838
0.3628
0.4949
0.498
0.46
0.4299
0.4434
0.3699
0.3328
0.3564
0.446
0.4663
0.4849
0.3833
0.355
0.4089
0.4907
0.5205
0.5422
0.584
0.6101
0.6272
0.6621
0.7053
0.7317
0.7612
0.7664
0.7617
0.7607
0.7478
0.7373
0.7205
0.7012
0.6858
0.6711
0.6655
0.6421
0.6296
0.6145
0.6096
0.6003
0.5845
0.5686
0.564
0.563
0.5476
0.5293
0.5154
0.4934
0.4744
0.4487
0.4404
0.4214
0.3992
0.3945
0.3928
0.373
0.3511
0.3376
0.3228
0.3257
0.3762
0.4006
0.3728
0.3657
0.3796
0.3672
0.3684
0.3647
0.3484
0.3457
0.3616
0.365
0.3479
0.3428
0.2996
0.2825
0.2688
0.2825
0.209
0.2295
0.5608
0.3171
0.2832
0.2729
0.2471
0.2153
0.2166
0.2046
0.1458
0.1169
0.0366
-0.002
-0.084
-0.11
-0.179
-0.249
-0.273
-0.334
-0.37
-0.405
-0.373
-0.317
-0.488
-0.59
-0.594
-0.587
-0.58
-0.554
-0.564
-0.578
-0.622
-0.656
-0.706
-0.747
-0.785
-0.81
-0.823
-0.869
-0.885
-0.869
-0.868
-0.871
-0.875
-0.887
-0.902
-0.903
-0.884
-0.884
-0.877
-0.845
-0.81
-0.792
-0.751
-0.741
-0.735
-0.749
-0.741
-0.725
-0.709
-0.709
-0.696
-0.672
-0.648
-0.647
-0.649
-0.626
-0.624
-0.605
-0.593
-0.581
-0.593
-0.604
-0.63
-0.622
-0.608
-0.578
-0.518
-0.464
-0.385
-0.355
-0.303
-0.281
-0.242
-0.251
-0.232
-0.214
-0.2
-0.193
-0.179
-0.158
-0.127
-0.052
-0.018
0.0376
0.0615
0.085
0.0974
0.0767
0.0701
0.0747
0.0896
0.0935
0.1277
0.1731
0.2852
0.6089
0.5391
0.0059
0.3584
0.3164
0.3059
0.4993
0.4724
0.3782
0.3965
0.375
0.3765
0.4417
0.4556
0.4111
0.5107
0.5254
0.5508
0.5605
0.5391
0.5276
0.5159
0.5156
0.531
0.5247
0.5239
0.5295
0.5249
0.5244
0.5332
0.5691
0.5969
0.636
0.6692
0.7542
0.7983
0.8149
0.8057
0.7896
0.7588
0.7373
0.7163
0.7107
0.7075
0.689
0.6743
0.6541
0.6382
0.624
0.6177
0.6208
0.6208
0.6213
0.6018
0.6089
0.5894
0.5569
0.5386
0.5354
0.5159
0.5295
0.5332
0.5339
0.5413
0.5308
0.5068
0.4768
0.3818
0.4192
0.4351
0.3884
0.3545
0.3301
0.3186
0.3037
0.3022
0.3088
0.2986
0.2539
0.2456
0.2307
0.2261
0.2017
0.2131
0.1973
0.1833
0.1841
0.1636
0.1785
0.1824
0.217
0.2217
0.2134
0.2302
0.4495
0.4185
0.343
0.3472
0.4106
0.3564
0.3254
0.2793
0.2502
0.2129
0.1877
0.1133
0.1069
0.0952
0.0586
0.0405
0.0166
-0.053
-0.118
-0.182
-0.209
-0.232
-0.243
-0.245
-0.304
-0.366
-0.476
-0.499
-0.528
-0.556
-0.626
-0.639
-0.689
-0.73
-0.796
-0.848
-0.882
-0.938
-0.947
-0.959
-0.966
-0.953
-0.949
-0.946
-0.955
-0.951
-0.941
-0.933
-0.924
-0.91
-0.895
-0.891
-0.86
-0.847
-0.826
-0.816
-0.8
-0.798
-0.781
-0.77
-0.768
-0.775
-0.771
-0.775
-0.777
-0.779
-0.775
-0.77
-0.745
-0.722
-0.714
-0.714
-0.69
-0.676
-0.632
-0.596
-0.564
-0.534
-0.492
-0.469
-0.428
-0.423
-0.388
-0.334
-0.299
-0.242
-0.2
-0.154
-0.142
-0.126
-0.103
-0.052
-0.011
0.0249
0.0735
0.106
0.1682
0.1943
0.2495
0.2722
0.3013
0.3232
0.3552
0.3701
0.3911
0.418
0.4299
0.6372
1.385
-0.609
0.2688
0.4565
0.3462
0.4946
0.5181
0.5391
0.5759
0.5872
0.6382
0.7036
0.8086
0.9143
0.9707
1.067
1.166
1.239
1.316
1.378
1.394
1.394
1.398
1.388
1.377
1.363
1.351
1.336
1.325
1.29
1.282
1.278
1.269
1.264
1.246
1.234
1.211
1.217
1.223
1.205
1.172
1.117
1.078
1.002
0.9529
0.8862
0.8533
0.8101
0.8071
0.8054
0.8347
0.8586
0.8264
0.7507
0.7312
0.6943
0.6274
0.5232
0.4333
0.3884
0.3269
0.2732
0.292
0.2671
0.2593
0.1968
0.1863
0.1799
0.2268
0.0894
0.1772
0.3752
0.2234
0.1819
0.1438
0.1577
0.1714
0.1587
0.228
0.2056
0.2424
0.2244
0.1997
0.189
0.168
0.1404
0.0991
0.0854
0.0654
0.042
0.0022
-0.078
-0.094
-0.091
-0.182
-0.275
-0.331
-0.336
-0.347
-0.373
-0.397
-0.427
-0.453
-0.469
-0.485
-0.487
-0.481
-0.482
-0.469
-0.467
-0.473
-0.485
-0.5
-0.53
-0.57
-0.623
-0.67
-0.725
-0.749
-0.765
-0.809
-0.871
-0.844
-0.852
-0.879
-0.895
-0.931
-0.963
-1
-1.04
-1.07
-1.08
-1.1
-1.1
-1.11
-1.11
-1.17
-1.07
-1.02
-0.97
-0.93
-0.841
-0.821
-0.794
-0.769
-0.754
-0.734
-0.745
-0.732
-0.725
-0.701
-0.67
-0.629
-0.608
-0.562
-0.506
-0.433
-0.339
-0.281
-0.191
-0.153
-0.126
-0.099
-0.083
-0.081
-0.074
-0.066
-0.062
-0.054
-0.042
-0.031
-0.007
0.0005
-0.006
0.02
0.0635
0.1074
0.1567
0.1868
0.2117
0.2415
0.3164
0.3459
0.3887
0.374
0.3936
0.4695
0.4695
0.478
0.5503
0.543
0.5615
0.6326
0.666
0.6995
0.6753
0.7388
0.708
0.6606
0.6318
0.6282
0.6741
0.9207
0.946
-0.015
0.4773
0.4529
0.478
0.5586
0.6577
0.7021
0.7092
0.8088
0.9036
0.9587
0.989
0.9954
1.005
0.9519
0.9082
0.8718
0.8403
0.7859
0.7776
0.7114
0.7056
0.6809
0.676
0.7087
0.801
0.8762
0.9897
1.068
1.155
1.179
1.189
1.174
1.132
1.097
1.012
0.9192
0.8567
0.7896
0.7576
0.7407
0.7644
0.8345
0.8945
0.9897
1.035
1.074
1.088
1.098
1.037
1.006
0.9661
0.8928
0.8184
0.8069
0.7341
0.6946
0.6406
0.6135
0.6116
0.5896
0.5596
0.5879
0.594
0.4736
0.4331
0.3774
0.3838
0.269
0.2527
0.6426
0.2827
0.1987
0.1694
0.1089
0.0413
-0.023
-0.007
-0.001
0.0156
0.0149
0.0591
0.1721
0.2117
0.3223
0.3638
0.449
0.4856
0.5015
0.4949
0.4365
0.3821
0.2935
0.2405
0.1526
0.0645
0.0164
-0.041
-0.077
-0.108
-0.125
-0.152
-0.155
-0.185
-0.201
-0.239
-0.272
-0.296
-0.381
-0.49
-0.533
-0.551
-0.6
-0.659
-0.723
-0.743
-0.791
-0.853
-0.827
-0.836
-0.843
-0.808
-0.766
-0.698
-0.649
-0.565
-0.522
-0.463
-0.44
-0.415
-0.382
-0.406
-0.431
-0.432
-0.492
-0.521
-0.564
-0.609
-0.654
-0.667
-0.696
-0.717
-0.718
-0.707
-0.718
-0.702
-0.683
-0.707
-0.679
-0.685
-0.681
-0.65
-0.626
-0.608
-0.562
-0.535
-0.503
-0.486
-0.436
-0.427
-0.413
-0.407
-0.383
-0.367
-0.351
-0.334
-0.334
-0.315
-0.322
-0.31
-0.331
-0.352
-0.363
-0.387
-0.399
-0.406
-0.404
-0.395
-0.333
-0.287
-0.21
-0.144
-0.042
0.0034
0.1091
0.166
0.2239
0.2324
0.2537
0.2375
0.259
0.2166
0.1812
0.1431
0.1235
0.0955
0.0684
0.0525
0.0537
0.0623
0.0938
0.1401
0.1746
0.1963
0.2422
0.2761
0.3271
0.3862
0.426
0.4373
0.5435
0.5938
0.6284
0.6353
0.6262
0.5869
0.5339
0.4575
0.425
0.3533
0.3345
0.2803
0.2915
0.2798
0.248
0.2871
0.3325
0.3469
0.3701
0.3896
0.4326
0.4619
0.4729
0.4941
0.4934
0.4763
0.4685
0.4417
0.4097
0.416
0.4473
0.5015
0.5547
0.6479
0.6575
0.6609
0.5127
0.6309
0.7053
0.7034
0.707
0.6689
0.6299
0.5959
0.5498
0.5454
0.5491
0.5857
0.6306
0.7029
0.7449
0.791
0.7979
0.7756
0.7471
0.6819
0.6313
0.5715
0.5305
0.5366
0.5588
0.5867
0.6169
0.635
0.6687
0.6873
0.7141
0.7124
0.7129
0.7043
0.6787
0.6533
0.6379
0.6313
0.6204
0.6289
0.6252
0.6265
0.614
0.6123
0.6123
0.5913
0.573
0.5623
0.5371
0.5383
0.5325
0.5557
0.5684
0.5513
0.5381
0.5178
0.51
0.4624
0.415
0.3323
0.2949
0.2344
0.2012
0.1658
0.1365
0.1453
0.1772
0.2458
0.2554
0.3008
0.3467
0.3762
0.3188
0.343
0.3271
0.3145
0.2566
0.2505
0.2529
0.241
0.25
0.2397
0.2271
0.1833
0.1882
0.1597
0.126
0.0964
0.0603
0.0273
0.0183
0
-0.012
-0.024
-0.041
-0.051
-0.083
-0.087
-0.122
-0.137
-0.145
-0.157
-0.19
-0.229
-0.248
-0.279
-0.29
-0.295
-0.307
-0.327
-0.301
-0.292
-0.295
-0.26
-0.238
-0.224
-0.231
-0.243
-0.299
-0.34
-0.44
-0.509
-0.621
-0.698
-0.806
-0.831
-0.909
-0.977
-1
-0.977
-0.962
-0.924
-0.914
-0.891
-0.887
-0.88
-0.89
-0.868
-0.867
-0.85
-0.837
-0.824
-0.806
-0.792
-0.776
-0.767
-0.727
-0.706
-0.651
-0.615
-0.592
-0.604
-0.627
-0.665
-0.683
-0.712
-0.714
-0.723
-0.714
-0.682
-0.656
-0.595
-0.52
-0.479
-0.413
-0.371
-0.299
-0.248
-0.162
-0.119
-0.057
-0.052
-0.027
0
0.0264
0.042
0.0652
0.0833
0.0813
0.1082
0.1296
0.1641
0.1978
0.2664
0.2632
0.2827
0.3022
0.3062
0.2827
0.2661
0.3679
0.4038
0.4099
0.4387
0.4849
0.4702
0.4658
0.5469
0.4717
0.5344
0.5581
0.5779
0.6082
0.6194
0.6328
0.6936
0.7808
0.9021
0.4404
0.6475
0.8035
0.7913
0.8359
0.8474
0.8362
0.8083
0.7583
0.7317
0.7219
0.7075
0.698
0.7063
0.7048
0.7505
0.7527
0.8025
0.8215
0.8447
0.8447
0.8411
0.8308
0.8113
0.7966
0.781
0.7546
0.7542
0.7549
0.7495
0.7429
0.7405
0.7375
0.7383
0.7239
0.7092
0.7017
0.6863
0.6763
0.6567
0.6367
0.6084
0.5989
0.5903
0.5837
0.5652
0.5569
0.5408
0.5107
0.478
0.4448
0.4111
0.3652
0.3511
0.335
0.3264
0.3267
0.3171
0.2781
0.251
0.24
0.2466
0.2551
0.282
0.3367
0.4036
0.4399
0.5029
0.5527
0.5935
0.7439
0.6562
0.6357
0.6428
0.624
0.6011
0.5317
0.4775
0.4709
0.3696
0.2515
0.2251
0.208
0.0962
0.0598
0.0522
0.0405
0.042
0.0193
0.0059
-0.007
-0.051
-0.071
-0.115
-0.15
-0.186
-0.247
-0.26
-0.289
-0.321
-0.338
-0.337
-0.371
-0.392
-0.412
-0.424
-0.428
-0.431
-0.441
-0.419
-0.399
-0.372
-0.34
-0.293
-0.285
-0.298
-0.326
-0.38
-0.454
-0.498
-0.567
-0.604
-0.671
-0.703
-0.738
-0.748
-0.747
-0.732
-0.707
-0.692
-0.676
-0.652
-0.633
-0.608
-0.608
-0.607
-0.599
-0.591
-0.603
-0.627
-0.653
-0.681
-0.692
-0.707
-0.705
-0.695
-0.659
-0.644
-0.61
-0.599
-0.554
-0.506
-0.489
-0.467
-0.477
-0.428
-0.423
-0.412
-0.407
-0.372
-0.347
-0.312
-0.298
-0.279
-0.257
-0.231
-0.197
-0.171
-0.135
-0.114
-0.096
-0.082
-0.066
-0.055
-0.08
-0.078
-0.073
-0.091
-0.093
-0.108
-0.107
-0.1
-0.1
-0.096
-0.083
-0.03
0.0149
0.0515
0.0942
0.126
0.1665
0.1819
0.2102
0.2207
0.2258
0.2144
0.219
0.2207
0.1946
0.1885
0.1899
0.1968
0.2141
0.1792
0.1865
0.1436
0.1292
0.1038
0.1082
0.1614
0.1763
0.2126
0.2598
0.3333
0.3613
0.3667
0.4404
0.4407
0.4373
0.446
0.449
0.4658
0.4915
0.5354
0.5823
0.6328
0.7192
0.6665
0.1792
0.5605
0.5952
0.5989
0.605
0.5901
0.564
0.553
0.5227
0.5269
0.5308
0.5359
0.5542
0.5618
0.5657
0.5571
0.5491
0.5315
0.5232
0.5168
0.5144
0.4956
0.4897
0.4709
0.4543
0.4448
0.4463
0.4678
0.4895
0.5378
0.5828
0.6045
0.6294
0.6226
0.6096
0.6003
0.5798
0.5525
0.5317
0.511
0.4937
0.4966
0.5142
0.5249
0.5383
0.5574
0.5679
0.5623
0.5645
0.5576
0.5603
0.5266
0.5127
0.5037
0.4834
0.4749
0.4827
0.4773
0.481
0.489
0.4749
0.4583
0.4373
0.4321
0.4888
0.5525
0.5833
0.574
0.5703
0.5718
0.5574
0.5154
0.4656
0.4194
0.3865
0.2991
0.2112
0.1763
0.1667
0.2188
0.3523
0.2434
0.2019
0.1799
0.2019
0.144
0.1191
0.0935
0.0557
0.0212
0.019
0.0208
-0.006
-0.056
-0.065
-0.095
-0.087
-0.089
-0.064
0.0144
0.0908
0.1577
0.2615
0.3269
0.3606
0.3708
0.3574
0.3186
0.2603
0.2087
0.1443
0.0872
0.0344
-0.039
-0.075
-0.119
-0.168
-0.23
-0.253
-0.305
-0.325
-0.344
-0.368
-0.398
-0.42
-0.416
-0.424
-0.437
-0.439
-0.432
-0.428
-0.425
-0.426
-0.426
-0.418
-0.405
-0.39
-0.387
-0.365
-0.349
-0.333
-0.33
-0.345
-0.388
-0.424
-0.493
-0.57
-0.617
-0.669
-0.701
-0.744
-0.759
-0.772
-0.776
-0.744
-0.744
-0.719
-0.699
-0.684
-0.683
-0.671
-0.656
-0.641
-0.617
-0.6
-0.617
-0.635
-0.599
-0.603
-0.566
-0.524
-0.487
-0.422
-0.382
-0.352
-0.327
-0.295
-0.299
-0.314
-0.302
-0.288
-0.265
-0.247
-0.19
-0.154
-0.092
-0.056
-0.082
-0.088
-0.106
-0.122
-0.153
-0.162
-0.147
-0.126
-0.109
-0.035
0.0269
0.0984
0.1233
0.1592
0.1694
0.1675
0.1814
0.1965
0.2236
0.2336
0.2451
0.2698
0.3181
0.3254
0.3127
0.3359
0.3489
0.3247
0.3345
0.3345
0.3218
0.2937
0.3162
0.3362
0.3625
0.438
0.478
0.5481
0.5811
0.6245
0.6609
0.738
0.8176
0.7864
0.3484
0.5115
0.5706
0.5737
0.5933
0.5754
0.5747
0.5747
0.5676
0.5886
0.6111
0.6389
0.666
0.7144
0.7312
0.7466
0.7373
0.7417
0.7458
0.7539
0.7766
0.7913
0.8098
0.8118
0.8123
0.8193
0.8225
0.8271
0.8149
0.7993
0.7791
0.7639
0.7383
0.7244
0.7188
0.7263
0.7429
0.7732
0.7878
0.814
0.8315
0.8438
0.824
0.7874
0.7805
0.751
0.6753
0.6443
0.582
0.5413
0.5144
0.4685
0.4495
0.4331
0.4185
0.4438
0.4131
0.3682
0.3225
0.3157
0.3184
0.2568
0.2227
0.1804
0.167
0.1328
0.1265
0.0696
0.032
-0.001
-0.038
-0.045
-0.119
-0.12
-0.153
-0.15
-0.131
-0.151
-0.126
-0.161
-0.164
-0.177
-0.208
-0.246
-0.269
-0.308
-0.329
-0.35
-0.355
-0.383
-0.382
-0.399
-0.411
-0.42
-0.453
-0.469
-0.517
-0.552
-0.584
-0.618
-0.636
-0.648
-0.667
-0.676
-0.678
-0.691
-0.688
-0.683
-0.677
-0.686
-0.684
-0.694
-0.699
-0.708
-0.711
-0.724
-0.716
-0.701
-0.68
-0.658
-0.623
-0.611
-0.582
-0.563
-0.531
-0.517
-0.477
-0.47
-0.459
-0.464
-0.449
-0.415
-0.405
-0.38
-0.382
-0.336
-0.312
-0.265
-0.212
-0.188
-0.143
-0.121
-0.071
-0.055
-0.028
0.009
0.0352
0.0583
0.0901
0.1187
0.1833
0.1897
0.1887
0.2991
0.2974
0.3291
0.3538
0.3225
0.3245
0.355
0.3425
0.3804
0.3826
0.3757
0.4082
0.4241
0.4622
0.54
0.8701
0.376
0.2588
0.499
0.5134
0.6458
0.6792
0.7048
0.7024
0.7104
0.6775
0.6892
0.7034
0.7131
0.7117
0.7041
0.7083
0.7063
0.6897
0.6929
0.6929
0.6997
0.6975
0.7019
0.707
0.7139
0.7249
0.7283
0.7434
0.7383
0.7405
0.731
0.717
0.7151
0.7095
0.7188
0.7087
0.7007
0.6941
0.6782
0.6794
0.6633
0.636
0.6221
0.6206
0.6123
0.5784
0.563
0.5349
0.5095
0.4858
0.4739
0.4397
0.4236
0.4133
0.3855
0.3738
0.3281
0.3381
0.3652
0.3381
0.3406
0.3101
0.3291
0.312
0.322
0.3223
0.3433
0.3438
0.3335
0.3108
0.3284
0.3528
0.3994
0.303
0.2219
0.1724
0.1453
0.1357
0.0864
0.0776
0.0903
0.0796
0.0564
0.0522
0.0149
0.0034
-0.016
-0.029
-0.017
-0.02
-0.031
-0.027
-0.018
-0.028
-0.044
-0.057
-0.08
-0.083
-0.082
-0.091
-0.123
-0.132
-0.165
-0.184
-0.241
-0.276
-0.322
-0.342
-0.386
-0.412
-0.409
-0.418
-0.424
-0.426
-0.429
-0.434
-0.442
-0.462
-0.481
-0.501
-0.527
-0.547
-0.562
-0.589
-0.639
-0.627
-0.654
-0.671
-0.686
-0.69
-0.705
-0.706
-0.708
-0.715
-0.723
-0.702
-0.683
-0.687
-0.676
-0.656
-0.652
-0.642
-0.625
-0.624
-0.58
-0.566
-0.515
-0.48
-0.415
-0.38
-0.335
-0.319
-0.313
-0.318
-0.316
-0.324
-0.314
-0.289
-0.262
-0.241
-0.23
-0.196
-0.178
-0.153
-0.132
-0.109
-0.104
-0.083
-0.041
-0.034
-0.01
-0.001
0.0459
0.0608
0.103
0.1609
0.2495
0.2749
0.3076
0.3918
0.407
0.4011
0.4041
0.4282
0.4277
0.4678
0.4797
0.5171
0.5503
0.5322
0.5513
0.5718
0.6013
0.6707
0.9333
0.615
0.4031
0.6328
0.6729
0.6528
0.7239
0.7236
0.7068
0.7134
0.7241
0.7537
0.8054
0.8809
0.9128
0.9583
0.9854
1.009
1.015
1.019
1.012
1.01
1.005
1.013
1.021
1.019
1.011
1.007
0.9946
0.9836
0.9729
0.9722
0.9456
0.9268
0.9102
0.8818
0.8596
0.8391
0.823
0.8079
0.813
0.8071
0.8052
0.7913
0.7949
0.8057
0.8083
0.8086
0.7952
0.7751
0.7432
0.6921
0.6492
0.6035
0.5205
0.5081
0.4871
0.4294
0.395
0.3293
0.3245
0.2739
0.251
0.1794
0.1367
0.0823
0.04
0.0364
0.0327
0.1057
0.0625
0.0295
0.0068
0.0039
-0.041
-0.039
-0.009
-0.008
-0.001
0.0381
0.0835
0.1211
0.1721
0.2585
0.2991
0.3342
0.334
0.3132
0.2947
0.2375
0.1814
0.1177
0.0564
0.0125
-0.014
-0.071
-0.123
-0.17
-0.185
-0.257
-0.27
-0.29
-0.327
-0.36
-0.378
-0.393
-0.411
-0.436
-0.434
-0.441
-0.43
-0.452
-0.459
-0.459
-0.464
-0.462
-0.474
-0.478
-0.501
-0.501
-0.512
-0.517
-0.523
-0.532
-0.507
-0.485
-0.461
-0.427
-0.42
-0.415
-0.401
-0.398
-0.399
-0.421
-0.427
-0.446
-0.467
-0.501
-0.521
-0.538
-0.565
-0.579
-0.584
-0.592
-0.594
-0.588
-0.538
-0.516
-0.474
-0.411
-0.362
-0.276
-0.286
-0.241
-0.236
-0.212
-0.207
-0.196
-0.184
-0.151
-0.11
-0.075
-0.033
-0.023
-0.026
-0.046
-0.071
-0.073
-0.111
-0.13
-0.112
-0.075
-0.022
0.0374
0.0857
0.145
0.1941
0.2246
0.2324
0.2532
0.2405
0.2424
0.2683
0.2815
0.2998
0.3459
0.481
0.5042
0.5293
0.5549
0.6072
0.6069
0.6033
0.6035
0.5789
0.6394
0.6006
0.5891
0.5825
0.5752
0.5706
0.5898
0.6199
0.7458
0.9443
0.9045
0.0996
0.7917
0.8611
0.8992
1.008
0.9587
0.9202
0.9016
0.9058
0.9465
0.9583
0.969
0.9873
0.9961
1.011
1.013
1.003
0.9846
0.989
0.9705
0.9578
0.9216
0.9138
0.8918
0.8701
0.8665
0.8582
0.853
0.8391
0.8286
0.8
0.7786
0.7229
0.6882
0.6145
0.5713
0.5042
0.4824
0.4766
0.46
0.4607
0.4614
0.4668
0.4639
0.4629
0.521
0.5203
0.5671
0.6257
0.6196
0.6262
0.6003
0.5703
0.5466
0.4871
0.4355
0.3428
0.2808
0.175
0.0767
0.0359
-0.035
-0.057
-0.059
-0.086
-0.123
-0.117
-0.106
-0.102
-0.124
-0.133
-0.136
-0.173
-0.168
-0.219
-0.239
-0.248
-0.27
-0.314
-0.343
-0.358
-0.36
-0.39
-0.419
-0.41
-0.392
-0.378
-0.353
-0.33
-0.231
-0.265
-0.257
-0.276
-0.263
-0.328
-0.358
-0.373
-0.414
-0.48
-0.498
-0.51
-0.518
-0.53
-0.545
-0.568
-0.581
-0.599
-0.63
-0.639
-0.655
-0.652
-0.649
-0.643
-0.63
-0.619
-0.599
-0.593
-0.527
-0.469
-0.428
-0.356
-0.312
-0.265
-0.24
-0.214
-0.211
-0.225
-0.236
-0.242
-0.252
-0.263
-0.271
-0.271
-0.269
-0.261
-0.243
-0.231
-0.181
-0.146
-0.111
-0.051
-0.015
0.0095
0.0044
-0.017
-0.027
-0.052
-0.061
-0.1
-0.106
-0.1
-0.113
-0.094
-0.064
-0.044
0.0149
0.0581
0.1208
0.1677
0.2451
0.314
0.3657
0.3813
0.3833
0.4065
0.3608
0.3533
0.2991
0.281
0.2646
0.2825
0.3225
0.376
0.4028
0.4529
0.4707
0.4797
0.4814
0.4819
0.5208
0.5615
0.6125
0.6238
0.6946
0.698
0.7383
0.8015
0.8232
0.8691
0.8945
0.929
0.9561
0.9675
1.146
1.061
0.4651
0.7866
0.7405
0.7031
0.6985
0.6357
0.585
0.5554
0.5493
0.5657
0.5984
0.6113
0.6343
0.6589
0.6687
0.6855
0.6868
0.6829
0.6704
0.6567
0.6489
0.6233
0.6104
0.5842
0.5798
0.5752
0.5725
0.5671
0.5652
0.5669
0.5732
0.5688
0.5608
0.5691
0.5637
0.5537
0.5503
0.5352
0.5242
0.4946
0.4673
0.4463
0.4253
0.3923
0.3718
0.345
0.3452
0.3489
0.3384
0.3496
0.3394
0.3481
0.3376
0.3247
0.2969
0.2812
0.2419
0.2161
0.2061
0.1917
0.2034
0.2358
0.2764
0.3501
0.4011
0.4773
0.5286
0.595
0.5979
0.585
0.5671
0.5432
0.512
0.4504
0.3516
0.3105
0.2556
0.1799
0.1055
0.0732
-0.001
-0.044
-0.071
-0.107
-0.117
-0.097
-0.171
-0.243
-0.246
-0.228
-0.232
-0.271
-0.279
-0.27
-0.287
-0.32
-0.367
-0.299
-0.4
-0.452
-0.455
-0.491
-0.559
-0.595
-0.607
-0.612
-0.667
-0.706
-0.781
-0.809
-0.824
-0.848
-0.866
-0.858
-0.825
-0.754
-0.721
-0.687
-0.644
-0.608
-0.61
-0.594
-0.591
-0.607
-0.622
-0.63
-0.64
-0.646
-0.663
-0.679
-0.676
-0.652
-0.626
-0.574
-0.551
-0.496
-0.46
-0.401
-0.359
-0.303
-0.257
-0.214
-0.137
-0.121
-0.078
-0.052
-0.028
0.0027
0.0249
0.0403
0.0649
0.0706
0.0989
0.1313
0.1672
0.2019
0.2251
0.2688
0.2825
0.3149
0.3086
0.3347
0.3262
0.3442
0.3569
0.418
0.4624
0.5142
0.5632
0.5789
0.5881
0.6016
0.5874
0.5908
0.6538
0.6287
0.6626
0.79
1
0.6838
0.095
0.7708
0.7996
0.8645
0.9993
1.018
0.9807
0.9126
0.8713
0.8647
0.8623
0.8562
0.8555
0.8489
0.8491
0.8518
0.8596
0.863
0.8699
0.8818
0.8823
0.8921
0.8982
0.8997
0.9099
0.918
0.9238
0.9226
0.9111
0.9045
0.885
0.8647
0.8293
0.813
0.7817
0.7756
0.7473
0.7249
0.6924
0.6575
0.6482
0.6694
0.6484
0.5869
0.5862
0.5586
0.5405
0.5051
0.4805
0.4561
0.4531
0.4836
0.5037
0.5381
0.5247
0.4639
0.4189
0.3979
0.3315
0.2737
0.2214
0.209
0.1726
0.1458
0.0867
0.075
0.071
0.0566
0.0305
0.0181
0.0071
0.0168
-0.007
-0.022
-0.047
-0.117
-0.14
-0.172
-0.202
-0.247
-0.278
-0.293
-0.33
-0.352
-0.359
-0.384
-0.435
-0.477
-0.503
-0.552
-0.597
-0.668
-0.726
-0.749
-0.822
-0.861
-0.854
-0.886
-0.915
-0.92
-0.925
-0.951
-0.966
-0.977
-0.986
-0.999
-0.986
-0.985
-0.955
-0.933
-0.895
-0.851
-0.835
-0.802
-0.79
-0.751
-0.735
-0.705
-0.703
-0.679
-0.655
-0.626
-0.583
-0.547
-0.49
-0.454
-0.41
-0.338
-0.283
-0.247
-0.179
-0.143
-0.071
-0.046
-0.009
0.0215
0.0195
0.0452
0.0398
0.0771
0.0952
0.1433
0.1458
0.2131
0.2278
0.2686
0.3335
0.3503
0.4131
0.4131
0.4529
0.5315
0.5615
0.6191
0.6538
0.6924
0.7451
0.7781
0.7856
0.8064
0.8564
0.8713
0.9004
0.936
0.9575
0.9844
1.012
1.074
1.187
0.9827
0.9109
1.076
1.114
1.163
1.182
1.142
1.108
1.079
1.067
1.073
1.064
1.053
1.039
1.027
1.03
1.009
0.9934
0.9771
0.9626
0.9475
0.9172
0.8804
0.845
0.7998
0.7649
0.741
0.6934
0.6631
0.634
0.6101
0.5579
0.5234
0.4812
0.4338
0.3843
0.3745
0.3066
0.2351
0.1921
0.1812
0.1594
0.0979
0.0605
0.0334
0.0161
-0.027
-0.032
-0.064
-0.077
-0.127
-0.15
-0.13
-0.152
-0.173
-0.255
-0.273
-0.311
-0.346
-0.411
-0.446
-0.469
-0.516
-0.537
-0.554
-0.586
-0.62
-0.652
-0.683
-0.729
-0.772
-0.811
-0.836
-0.887
-0.913
-0.957
-0.973
-1.02
-1.04
-1.07
-1.07
-1.08
-1.08
-1.06
-1.04
-1.01
-0.987
-0.968
-0.938
-0.9
-0.843
-0.806
-0.748
-0.711
-0.672
-0.629
-0.598
-0.575
-0.511
-0.475
-0.427
-0.366
-0.304
-0.215
-0.151
-0.101
-0.034
-0.022
0.0139
0.042
0.0786
0.1206
0.1509
0.1763
0.2024
0.2332
0.2808
0.292
0.3667
0.4807
0.5178
0.5872
0.6479
0.7075
0.7356
0.7454
0.7566
0.8171
0.8306
0.8503
0.9023
0.9155
0.9954
1.047
1.264
1.208
0.7764
1.051
1.136
1.183
1.276
1.223
1.203
1.202
1.234
1.285
1.303
1.317
1.33
1.329
1.324
1.307
1.288
1.252
1.218
1.21
1.161
1.146
1.093
1.071
1.034
0.9863
0.9241
0.9065
0.8306
0.7749
0.7095
0.658
0.6504
0.5701
0.5234
0.447
0.4009
0.3098
0.2527
0.2192
0.1934
0.0769
0.0208
-0.046
-0.143
-0.155
-0.233
-0.272
-0.328
-0.337
-0.397
-0.421
-0.469
-0.517
-0.556
-0.596
-0.612
-0.698
-0.744
-0.79
-0.822
-0.883
-0.932
-0.965
-1.02
-1.06
-1.1
-1.13
-1.15
-1.18
-1.2
-1.21
-1.23
-1.24
-1.25
-1.26
-1.26
-1.26
-1.27
-1.25
-1.22
-1.19
-1.16
-1.12
-1.1
-1.07
-1.01
-0.967
-0.908
-0.875
-0.81
-0.744
-0.668
-0.633
-0.546
-0.53
-0.442
-0.372
-0.257
-0.181
-0.152
-0.096
-0.032
0.0471
0.0793
0.125
0.168
0.2336
0.2556
0.3096
0.3606
0.3862
0.4014
0.4434
0.4817
0.4272
0.5447
0.5818
0.6321
0.6428
0.6729
0.6841
0.7051
0.7251
0.6912
0.7607
0.7742
0.7507
0.7625
0.7908
0.8083
0.8337
0.8535
0.8914
0.936
0.9912
1.017
1.052
1.075
1.074
1.071
1.072
1.083
1.094
1.079
1.078
1.081
1.073
1.053
1.048
1.046
1.033
1.021
0.9958
0.9634
0.9265
0.9038
0.8584
0.814
0.7969
0.7473
0.7112
0.6738
0.6396
0.6113
0.6033
0.5525
0.5479
0.5098
0.4656
0.3997
0.3682
0.3313
0.3042
0.2676
0.2153
0.1763
0.1328
0.1274
0.0811
0.009
-0.037
-0.067
-0.134
-0.164
-0.229
-0.254
-0.301
-0.335
-0.351
-0.39
-0.409
-0.468
-0.516
-0.504
-0.557
-0.582
-0.6
-0.633
-0.657
-0.68
-0.719
-0.742
-0.776
-0.793
-0.826
-0.854
-0.884
-0.931
-0.964
-1.01
-1.04
-1.08
-1.11
-1.16
-1.18
-1.22
-1.21
-1.22
-1.25
-1.27
-1.27
-1.25
-1.22
-1.19
-1.14
-1.11
-1.03
-0.976
-0.94
-0.885
-0.854
-0.816
-0.747
-0.704
-0.701
-0.651
-0.62
-0.544
-0.5
-0.415
-0.372
-0.356
-0.269
-0.245
-0.209
-0.157
-0.092
-0.071
-0.032
-0.009
0.0112
0.0513
0.0742
0.1089
0.0894
0.1577
0.25
0.2922
0.3303
0.4517
0.4849
0.52
0.6284
0.6475
0.7017
0.8462
1.147
-0.143
0.5713
0.7383
0.6218
0.6975
0.8728
0.8694
0.8525
0.8225
0.7817
0.8259
0.8381
0.8743
0.8804
0.8926
0.9062
0.9243
0.9307
0.9575
0.9602
0.9705
0.9519
0.9561
0.9426
0.9292
0.9219
0.9048
0.8914
0.8796
0.8616
0.8423
0.8005
0.7688
0.748
0.6926
0.666
0.6108
0.5903
0.5503
0.5361
0.5034
0.4817
0.4519
0.3872
0.3584
0.3235
0.3088
0.2786
0.262
0.1997
0.1882
0.1482
0.0923
0.054
0.0234
0.0117
-0.023
-0.076
-0.136
-0.156
-0.206
-0.256
-0.268
-0.267
-0.323
-0.366
-0.386
-0.364
-0.357
-0.34
-0.344
-0.345
-0.379
-0.383
-0.375
-0.368
-0.364
-0.358
-0.371
-0.374
-0.367
-0.37
-0.375
-0.365
-0.389
-0.394
-0.379
-0.369
-0.361
-0.362
-0.372
-0.377
-0.384
-0.39
-0.406
-0.417
-0.417
-0.425
-0.422
-0.416
-0.384
-0.384
-0.37
-0.367
-0.396
-0.402
-0.415
-0.419
-0.425
-0.419
-0.398
-0.378
-0.355
-0.333
-0.303
-0.282
-0.266
-0.24
-0.225
-0.217
-0.208
-0.203
-0.179
-0.153
-0.134
-0.138
-0.148
-0.142
-0.119
-0.114
-0.104
-0.097
-0.081
-0.065
-0.043
-0.017
-0.002
0.0076
0.033
0.051
0.0564
0.0903
0.1069
0.104
0.0999
0.0896
0.0752
0.0837
0.0776
0.0789
0.084
0.0876
0.0808
0.0759
0.0906
0.0979
0.085
0.0679
0.0657
0.0479
0.0308
0.0166
0.0144
0.0073
-0.018
-0.036
-0.031
-0.036
-0.049
-0.06
-0.053
-0.04
-0.036
-0.036
-0.022
-0.031
-1.22
0.8618
1.179
-0.706
-1.82
1.256
0.4167
-0.297
0.1182
-0.127
-0.439
0.0317
0.0845
-0.198
-0.224
-0.122
-0.037
-0.093
-0.112
-0.104
-0.085
-0.062
-0.056
-0.107
-0.054
-0.037
-0.083
-0.211
-0.158
-0.057
-0.014
-0.197
-0.173
-0.121
-0.142
-0.201
-0.231
-0.218
-0.162
-0.153
-0.13
-0.104
0.5647
0.4053
0.1921
-0.06
0.1243
0.0027
0.1125
0.2515
-0.005
-0.36
-0.48
-0.557
-0.472
-0.217
0.0017
0.0908
-0.009
-0.125
-0.131
-0.086
0.0017
0.0369
-0.005
-0.071
-0.132
-0.144
-0.124
-0.093
-0.056
-0.075
-0.106
-0.108
-0.075
-0.044
-0.033
-0.051
-0.078
-0.094
-0.09
-0.088
-0.082
-0.095
-0.101
-0.093
-0.074
-0.08
-0.059
-0.068
-0.063
-0.072
-0.075
-0.071
-0.081
-0.075
-0.093
-0.084
-0.088
-0.083
-0.074
-0.079
-0.083
-0.081
-0.083
-0.077
-0.068
-0.07
-0.079
-0.082
-0.08
-0.081
-0.081
-0.08
-0.083
-0.09
-0.086
-0.081
-0.08
-0.078
-0.082
-0.074
-0.082
-0.078
-0.086
-0.076
-0.078
-0.087
-0.082
-0.079
-0.077
-0.085
-0.088
-0.079
-0.078
-0.079
-0.082
-0.078
-0.087
-0.083
-0.086
-0.082
-0.078
-0.072
-0.088
-0.077
-0.078
-0.082
-0.073
-0.085
-0.083
-0.081
-0.078
-0.075
-0.079
-0.079
-0.084
-0.083
-0.084
-0.081
-0.073
-0.078
-0.083
-0.081
-0.083
-0.082
-0.082
-0.076
-0.079
-0.079
-0.082
-0.085
-0.082
-0.08
-0.085
-0.082
-0.085
-0.077
-0.08
-0.081
-0.083
-0.084
-0.09
-0.08
-0.078
-0.073
-0.081
-0.085
-0.081
-0.082
-0.078
-0.077
-0.083
-0.073
-0.085
-0.074
-0.083
-0.086
-0.077
-0.086
-0.075
-0.081
-0.078
-0.079
-0.083
-0.078
-0.076
-0.087
-0.078
-0.087
-0.087
-0.081
-0.087
-0.08
-0.082
-0.081
-0.083
-0.082
-0.077
-0.075
-0.083
-0.079
-0.081
-0.08
-0.083
-0.074
-0.083
-0.091
-0.083
-0.074
-0.083
-0.078
-0.086
-0.082
-0.081
-0.081
-0.085
-0.071
-0.079
-0.08
-0.081
-0.081
-0.083
-0.074
-0.076
-0.081
-0.083
-0.08
-0.079
-0.084
-0.084
-0.078
-0.08
-0.082
-0.08
-0.082
-0.079
-0.078
-0.081
-0.081
-0.083
-0.074
-0.079
-0.081
-0.078
-0.082
-0.085
-0.083
-0.079
-0.082
-0.078
-0.087
-0.081
-0.079
-0.082
-0.081
-0.07
-0.081
-0.08
-0.083
-0.084
-0.075
-0.078
-0.08
-0.086
-0.08
-0.081
-0.078
-0.079
-0.086
-0.081
-0.082
-0.08
-0.082
-0.081
-0.076
-0.082
-0.082
-0.087
-0.083
-0.074
-0.081
-0.082
-0.082
-0.079
-0.076
-0.073
-0.083
-0.081
-0.082
-0.072
-0.073
-0.081
-0.08
-0.082
-0.082
-0.075
-0.074
-0.077
-0.084
-0.08
-0.077
-0.079
-0.08
-0.078
-0.078
-0.088
-0.086
-0.081
-0.072
-0.079
-0.082
-0.083
-0.079
-0.078
-0.079
-0.078
-0.075
-0.087
-0.082
-0.086
-0.077
-0.075
-0.084
-0.086
-0.083
-0.083
-0.075
-0.082
-0.079
-0.087
-0.084
-0.084
-0.086
-0.083
-0.08
-0.078
-0.078
-0.083
-0.08
-0.083
-0.087
-0.087
-0.087
-0.086
-0.078
-0.084
-0.083
-0.087
-0.073
-0.073
-0.076
-0.083
-0.083
-0.08
-0.08
-0.083
-0.078
-0.083
-0.083
-0.077
-0.075
-0.077
-0.084
-0.083
-0.076
-0.081
-0.081
-0.079
-0.082
-0.085
-0.082
-0.075
-0.084
-0.077
-0.075
-0.083
-0.082
-0.078
-0.079
-0.088
-0.085
-0.084
-0.082
-0.074
-0.084
-0.085
-0.083
-0.078
-0.086
-0.075
-0.075
-0.081
-0.082
-0.08
-0.072
-0.083
-0.081
-0.084
-0.082
-0.079
-0.084
-0.084
-0.085
-0.076
-0.078
-0.088
-0.079
-0.083
-0.079
-0.08
-0.082
-0.082
-0.082
-0.084
-0.077
-0.088
-0.09
-0.081
-0.079
-0.081
-0.076
-0.078
-0.079
-0.074
-0.078
-0.083
-0.085
-0.087
-0.084
-0.086
-0.081
-0.083
-0.079
-0.08
-0.093
-0.082
-0.078
-0.078
-0.083
-0.08
-0.085
-0.086
-0.08
-0.082
-0.083
-0.084
-0.08
-0.083
-0.081
-0.081
-0.083
-0.081
-0.084
-0.079
-0.08
-0.084
-0.081
-0.078
-0.08
-0.075
-0.083
-0.079
-0.079
-0.084
-0.081
-0.081
-0.07
-0.079
-0.077
-0.083
-0.078
-0.076
-0.081
-0.078
-0.075
-0.083
-0.073
-0.079
-0.074
-0.079
-0.088
-0.082
-0.081
-0.078
-0.086
-0.081
-0.078
-0.078
-0.082
-0.073
-0.076
-0.08
-0.084
-0.079
-0.077
-0.078
-0.077
-0.083
-0.085
-0.082
-0.077
-0.073
-0.08
-0.08
-0.087
-0.08
-0.085
-0.082
-0.079
-0.082
-0.083
-0.08
-0.074
-0.084
-0.084
-0.081
-0.085
-0.086
-0.084
-0.083
-0.081
-0.086
-0.083
-0.082
-0.078
-0.078
-0.083
-0.082
-0.081
-0.08
-0.082
-0.079
-0.085
-0.09
-0.079
-0.082
-0.081
-0.08
-0.083
-0.084
-0.084
-0.081
-0.075
-0.077
-0.081
-0.082
-0.085
-0.079
-0.084
-0.083
-0.081
-0.078
-0.078
-0.087
-0.077
-0.079
-0.083
-0.081
-0.083
-0.079
-0.075
-0.08
-0.084
-0.079
-0.077
-0.077
-0.081
-0.08
-0.084
-0.086
-0.077
-0.081
-0.079
-0.075
-0.08
-0.084
-0.082
-0.075
-0.075
-0.085
-0.08
-0.085
-0.079
-0.078
-0.082
-0.08
-0.081
-0.076
-0.076
-0.078
-0.082
-0.087
-0.077
-0.085
-0.073
-0.081
-0.085
-0.082
-0.081
-0.078
-0.075
-0.08
-0.079
-0.085
-0.078
-0.084
-0.086
-0.077
-0.073
-0.077
-0.078
-0.072
-0.081
-0.084
-0.079
-0.081
-0.074
-0.081
-0.08
-0.082
-0.082
-0.078
-0.078
-0.079
-0.075
-0.083
-0.083
-0.08
-0.08
-0.077
-0.079
-0.079
-0.074
-0.08
-0.076
-0.083
-0.081
-0.075
-0.082
-0.076
-0.081
-0.077
-0.081
-0.084
-0.08
-0.073
-0.077
-0.074
-0.08
-0.086
-0.079
-0.079
-0.077
-0.08
-0.084
-0.082
-0.08
-0.084
-0.076
-0.076
-0.082
-0.083
-0.076
-0.081
-0.078
-0.085
-0.076
-0.081
-0.078
-0.073
-0.072
-0.078
-0.078
-0.08
-0.083
-0.082
-0.078
-0.089
-0.086
-0.076
-0.077
-0.08
-0.073
-0.078
-0.083
-0.082
-0.081
-0.077
-0.076
-0.082
-0.078
-0.08
-0.077
-0.083
-0.089
-0.08
-0.079
-0.084
-0.083
-0.083
-0.078
-0.082
-0.08
-0.082
-0.086
-0.081
-0.079
-0.081
-0.08
-0.077
-0.085
-0.078
-0.085
-0.088
-0.082
-0.081
-0.077
-0.081
-0.086
-0.079
-0.085
-0.078
-0.078
-0.078
-0.08
-0.087
-0.079
-0.075
-0.079
-0.076
-0.078
-0.083
-0.079
-0.081
-0.079
-0.081
-0.081
-0.081
-0.085
-0.076
-0.074
-0.081
-0.083
-0.073
-0.081
-0.078
-0.078
-0.083
-0.076
-0.079
-0.078
-0.081
-0.081
-0.076
-0.082
-0.088
-0.081
-0.083
-0.086
-0.074
-0.079
-0.083
-0.083
-0.081
-0.074
-0.075
-0.081
-0.081
-0.081
-0.08
-0.078
-0.082
-0.079
-0.083
-0.077
-0.081
-0.078
-0.079
-0.074
-0.083
-0.08
-0.079
-0.074
-0.078
-0.08
-0.077
-0.079
-0.079
-0.085
-0.084
-0.082
-0.083
-0.076
-0.081
-0.087
-0.078
-0.087
-0.08
-0.08
-0.086
-0.081
-0.085
-0.075
-0.081
-0.085
-0.076
-0.081
-0.085
-0.081
-0.08
-0.082
-0.076
-0.083
-0.08
-0.083
-0.079
-0.079
-0.086
-0.084
-0.081
-0.077
-0.083
-0.086
-0.077
-0.081
-0.077
-0.081
-0.081
-0.078
-0.082
-0.085
-0.083
-0.073
-0.075
-0.085
-0.08
-0.081
-0.077
-0.085
-0.076
-0.083
-0.084
-0.082
-0.08
-0.075
-0.079
-0.079
-0.075
-0.084
-0.089
-0.078
-0.076
-0.078
-0.079
-0.09
-0.083
-0.08
-0.082
-0.081
-0.083
-0.084
-0.08
-0.084
-0.075
-0.086
-0.082
-0.083
-0.076
-0.078
-0.079
-0.078
-0.082
-0.081
-0.078
-0.073
-0.083
-0.083
-0.083
-0.077
-0.077
-0.082
-0.081
-0.083
-0.084
-0.08
-0.076
-0.079
-0.076
-0.079
-0.08
-0.083
-0.069
-0.08
-0.08
-0.081
-0.081
-0.084
-0.074
-0.081
-0.078
-0.079
-0.076
-0.077
-0.079
-0.081
-0.086
-0.082
-0.086
-0.075
-0.082
-0.077
-0.08
-0.078
-0.074
-0.08
-0.077
-0.083
-0.084
-0.081
-0.077
-0.077
-0.082
-0.077
-0.084
-0.076
-0.074
-0.076
-0.081
-0.082
-0.08
-0.083
-0.08
-0.078
-0.075
-0.077
-0.08
-0.081
-0.072
-0.082
-0.079
-0.082
-0.077
-0.083
-0.076
-0.082
-0.084
-0.086
-0.08
-0.081
-0.084
-0.077
-0.076
-0.078
-0.074
-0.082
-0.079
-0.082
-0.082
-0.085
-0.079
-0.08
-0.078
-0.083
-0.083
-0.083
-0.08
-0.079
-0.077
-0.079
-0.079
-0.088
-0.088
-0.081
-0.081
-0.079
-0.081
-0.084
-0.083
-0.084
-0.078
-0.077
-0.088
-0.08
-0.073
-0.081
-0.082
-0.076
-0.081
-0.09
-0.084
-0.074
-0.079
-0.083
-0.082
-0.083
-0.079
-0.075
-0.087
-0.079
-0.086
-0.083
-0.073
-0.077
-0.079
-0.083
-0.082
-0.089
-0.079
-0.082
-0.081
-0.082
-0.078
-0.072
-0.08
-0.076
-0.075
-0.085
-0.087
-0.083
-0.079
-0.082
-0.081
-0.091
-0.086
-0.077
-0.073
-0.076
-0.075
-0.082
-0.089
-0.078
-0.082
-0.075
-0.08
-0.086
-0.086
-0.079
-0.086
-0.078
-0.082
-0.08
-0.083
-0.082
-0.082
-0.076
-0.086
-0.073
-0.079
-0.081
-0.085
-0.082
-0.085
-0.082
-0.081
-0.081
-0.077
-0.075
-0.08
-0.073
-0.082
-0.076
-0.076
-0.079
-0.078
-0.078
-0.073
-0.081
-0.081
-0.084
-0.085
-0.08
-0.082
-0.081
-0.083
-0.075
-0.088
-0.08
-0.082
-0.081
-0.076
-0.077
-0.085
-0.077
-0.078
-0.076
-0.081
-0.08
-0.078
-0.075
-0.077
-0.077
-0.083
-0.077
-0.079
-0.079
-0.077
-0.08
-0.082
-0.084
-0.08
-0.08
-0.084
-0.078
-0.083
-0.081
-0.083
-0.082
-0.08
-0.078
-0.087
-0.084
-0.084
-0.077
-0.078
-0.076
-0.078
-0.083
-0.083
-0.081
-0.078
-0.084
-0.078
-0.082
-0.084
-0.071
-0.076
-0.076
-0.079
-0.08
-0.078
-0.081
-0.086
-0.086
-0.078
-0.08
-0.078
-0.079
-0.076
-0.077
-0.085
-0.08
-0.079
-0.079
-0.08
-0.081
-0.074
-0.08
-0.078
-0.07
-0.081
-0.081
-0.081
-0.08
-0.083
-0.082
-0.077
-0.087
-0.08
-0.086
-0.083
-0.079
-0.085
-0.086
-0.083
-0.083
-0.077
-0.081
-0.09
-0.078
-0.074
-0.083
-0.076
-0.079
-0.082
-0.077
-0.086
-0.088
-0.077
-0.069
-0.083
-0.09
-0.083
-0.07
-0.077
-0.081
-0.092
-0.081
-0.073
-0.073
-0.082
-0.086
-0.083
-0.08
-0.072
-0.077
-0.079
-0.083
-0.079
-0.083
-0.076
-0.076
-0.083
-0.082
-0.076
-0.072
-0.081
-0.078
-0.077
-0.088
-0.079
-0.077
-0.085
-0.087
-0.085
-0.075
-0.081
-0.077
-0.08
-0.078
-0.085
-0.077
