1.015
1.025
1.011
1.021
1.02
1.02
1.016
1.027
1.012
1.009
1.019
1.004
1.02
1.018
1.017
1.015
1.021
1.028
1.018
1.016
1.024
1.017
1.017
1.02
1.017
1.025
1.02
1.024
1.022
1.029
1.021
1.02
1.018
1.021
1.012
1.021
1.014
1.025
1.017
1.021
1.031
1.013
1.02
1.018
1.02
1.023
1.023
1.01
1.019
1.017
1.02
1.022
1.024
1.008
1.011
1.017
1.023
1.015
1.01
1.011
1.017
1.015
1.018
1.02
1.02
1.016
1.01
1.019
1.014
1.021
1.01
1.017
1.018
1.018
1.02
1.02
1.018
1.022
1.019
1.008
1.012
1.01
1.011
1.02
1.009
1.02
1.017
1.021
1.029
1.034
1.003
1.015
1.021
1.008
1.011
1.025
1.009
1.012
1.037
1.037
1.026
1.001
1.008
1.012
1.005
1.005
1.024
1.03
1.015
1.004
1.008
1.017
1.021
1
1.031
1.015
1.007
1.01
1.019
1.011
1.012
1.019
1.018
1.011
1.016
1.017
1.011
1.029
1.013
1.022
1.02
1.013
1.025
1.008
1.012
1.026
1.014
1.022
1.023
1.015
1.021
1.02
1.02
1.011
1.033
1.019
1.027
1.02
1.002
1.021
1.018
1.009
1.012
1.018
1.02
1.022
1.018
1.018
1.014
1.01
1.011
0.9941
0.999
1.046
1.054
1.005
0.9978
0.9956
0.9907
1.036
1.066
1.044
1.018
0.9915
1.005
1.013
1.018
1.027
1.022
1.004
1
1.021
1.026
1.031
1.033
1.015
1.008
1.012
1.027
1.029
1.009
1.01
1.015
1.005
1.017
1.028
1.02
1.025
1.025
1.014
1.021
1.012
1.015
1.026
1.01
1.019
1.014
1.024
1.018
1.013
1.005
1.021
1.018
1.024
1.023
1.025
1.022
1.021
1.021
1.022
1.029
1.028
1.032
1.011
1.011
1.01
1.024
1.023
1.029
1.034
1.016
1.026
1.062
1.077
1.056
1.082
1.04
1.031
1.005
0.9873
1.007
1.016
1.018
1.015
1.007
1.01
1.018
1.018
1.001
1.02
1.001
1.002
0.9932
1.003
1.007
1.007
1.015
1.01
1.007
1.009
1.023
1.026
1.016
1.012
1.023
1.02
1.033
1.031
1.017
0.9973
0.9944
0.9438
0.8755
0.8848
0.9021
0.9138
0.9165
0.9065
0.8972
0.9055
0.8955
0.9163
1.864
1.31
0.4546
1.154
1.237
1.224
0.7166
0.5518
1.013
1.009
0.9348
1.068
1.168
1.269
1.074
0.9646
0.9392
0.9539
0.9971
0.9946
1.023
1.042
1.043
1.019
1.031
1.046
1.068
1.077
1.071
1.011
0.8843
0.8416
0.7961
0.7925
0.8889
1.013
1.071
1.381
1.591
1.283
0.8201
0.9663
0.8987
0.8665
0.9197
1.056
1.152
1.088
1.012
1
0.9907
0.9963
1.005
1.057
1.038
0.9717
0.8882
0.9609
0.9707
0.967
0.9514
0.9973
1.061
1.061
1.065
1.076
1.052
1.005
1.006
1.016
1.051
1.056
1.02
1.036
1.061
1.046
1.066
1.069
1.084
1.108
1.108
1.132
1.141
1.158
1.145
1.115
1.106
1.083
1.055
1.048
1.034
1.015
0.9961
0.999
0.9924
0.9924
1.015
1.031
1.034
1.052
1.081
1.088
1.1
1.116
1.123
1.157
1.172
1.22
1.241
1.277
1.316
1.322
1.334
1.343
1.346
1.356
1.345
1.344
1.337
1.344
1.31
1.337
1.312
1.294
1.274
1.248
1.223
1.187
1.209
1.176
1.17
1.15
1.163
1.138
1.109
1.126
1.153
1.094
1.065
1.083
0.9805
0.9805
0.9946
0.908
0.948
0.9348
0.9299
0.9683
0.9622
0.9614
0.9858
1.001
1.013
1.049
1.057
1.078
1.118
1.116
1.114
1.166
1.134
1.167
1.16
1.202
1.174
1.173
1.159
1.119
1.125
1.109
1.073
1.064
1.058
1.044
1.057
1.064
1.049
1.048
1.064
1.063
1.05
1.086
1.088
1.095
1.088
1.075
1.054
1.035
1.011
0.9988
0.9868
0.9834
0.9761
0.9692
0.9688
0.9231
0.9094
0.8857
0.8418
0.8428
0.8169
0.8164
0.8303
0.834
0.8633
0.8884
0.9226
0.9443
1.014
1.001
1.031
1.033
1.069
1.033
1.028
0.9822
0.9314
0.887
0.8364
0.7874
0.7498
0.7275
0.7017
0.6611
0.6404
0.6067
0.6074
0.5967
0.5679
0.5708
0.5439
0.5347
0.5286
0.5168
0.4983
0.4749
0.4302
0.4233
0.3711
0.3406
0.2988
0.2397
0.1975
0.1685
0.1204
0.0928
0.0645
0.0352
0.0217
-0.003
-0.022
-0.036
-0.048
-0.084
-0.114
-0.154
-0.172
-0.219
-0.235
-0.252
-0.257
-0.25
-0.241
-0.206
-0.13
-0.095
0.0217
0.074
0.1873
0.3032
0.4514
0.6064
0.8059
0.9983
1.273
1.532
1.755
2.024
2.168
2.432
2.574
2.739
2.868
3.24
2.579
2.606
2.849
2.558
2.506
2.473
2.246
2.132
2.009
1.897
1.806
1.788
1.787
1.856
1.91
1.997
2.071
2.173
2.239
2.315
2.39
2.421
2.443
2.441
2.396
2.36
2.228
2.153
2.017
1.954
1.802
1.763
1.678
1.626
1.58
1.494
1.48
1.424
1.42
1.38
1.401
1.373
1.351
1.329
1.323
1.298
1.241
1.22
1.134
1.102
1.003
1
0.9136
0.8882
0.8394
0.801
0.7551
0.7209
0.7095
0.6509
0.6328
0.6084
0.5894
0.5527
0.522
0.4668
0.415
0.3481
0.2712
0.1753
0.0977
0.033
-0.047
-0.105
-0.139
-0.19
-0.217
-0.247
-0.274
-0.277
-0.29
-0.291
-0.299
-0.297
-0.291
-0.304
-0.313
-0.315
-0.323
-0.312
-0.42
-0.37
-0.353
-0.364
-0.385
-0.396
-0.384
-0.378
-0.371
-0.346
-0.314
-0.297
-0.222
-0.156
-0.085
0.0244
0.0989
0.2234
0.2983
0.4004
0.48
0.5632
0.6458
0.7668
0.8669
1.02
1.243
1.306
1.513
1.613
1.801
1.919
2.099
2.21
2.376
2.45
2.58
2.737
2.809
2.91
2.945
2.969
2.96
2.931
2.877
2.808
2.765
2.679
2.583
2.539
2.497
2.483
2.499
2.511
2.533
2.546
2.543
2.525
2.503
2.42
2.359
2.25
2.163
2.049
1.953
1.836
1.738
1.593
1.542
1.393
1.345
1.23
1.141
1.096
1.013
0.978
0.9221
0.8848
0.8579
0.8423
0.7957
0.7893
0.7466
0.7139
0.6631
0.6169
0.5793
0.5444
0.5095
0.4387
0.4055
0.3555
0.3354
0.2849
0.2976
0.3677
0.207
0.2727
0.1086
0.0615
0.021
-0.04
-0.095
-0.12
-0.151
-0.19
-0.264
-0.345
-0.399
-0.461
-0.518
-0.592
-0.631
-0.716
-0.752
-0.801
-0.817
-0.825
-0.821
-0.789
-0.751
-0.719
-0.625
-0.667
-0.515
-0.493
-0.37
-0.327
-0.238
-0.161
-0.1
-0.013
0.0837
0.249
0.324
0.5757
0.7227
0.9941
1.195
1.537
1.895
2.164
2.546
2.795
3.134
3.365
3.581
3.699
3.701
3.674
3.567
3.402
3.275
3.07
2.939
2.774
2.69
2.592
2.554
2.547
2.557
2.616
2.679
2.718
2.703
2.69
2.654
2.613
2.577
2.534
2.486
2.443
2.378
2.286
2.237
2.177
2.101
1.98
1.896
1.775
1.692
1.566
1.497
1.37
1.316
1.213
1.057
1.076
0.9102
0.8477
0.7839
0.6982
0.6611
0.5203
0.4324
0.3916
0.2776
0.2236
0.0967
0.0818
0.053
-0.091
-0.063
-0.219
-0.25
-0.299
-0.336
-0.376
-0.448
-0.501
-0.585
-0.602
-0.405
-0.329
-0.332
-0.271
-0.215
-0.206
-0.176
-0.189
-0.234
-0.277
-0.331
-0.36
-0.396
-0.448
-0.451
-0.493
-0.519
-0.55
-0.576
-0.591
-0.643
-0.651
-0.699
-0.689
-0.71
-0.71
-0.695
-0.677
-0.625
-0.53
-0.478
-0.363
-0.299
-0.177
-0.081
0.0242
0.1082
0.2368
0.3301
0.5249
0.7371
0.9092
1.22
1.454
1.83
2.102
2.521
2.807
3.21
3.486
3.872
4
4
4
4
4
4
3.986
3.821
3.584
3.438
3.245
3.107
3.054
2.998
2.968
2.939
2.907
2.855
2.792
2.73
2.688
2.639
2.604
2.577
2.539
2.488
2.379
2.304
2.156
2.057
1.872
1.759
1.529
1.422
1.262
1.047
0.9998
0.8027
0.7498
0.5913
0.5457
0.4182
0.3425
0.2671
0.1638
0.1128
0.0144
0.011
-0.046
-0.066
-0.12
-0.125
-0.176
-0.185
-0.223
-0.214
-0.224
-0.244
-0.238
-0.272
-0.397
-0.354
-0.385
-0.313
-0.254
-0.255
-0.239
-0.253
-0.318
-0.329
-0.427
-0.481
-0.553
-0.623
-0.682
-0.734
-0.737
-0.759
-0.794
-0.791
-0.834
-0.887
-0.893
-1.04
-1
-1.06
-1.08
-1.07
-0.992
-0.975
-0.786
-0.697
-0.463
-0.32
-0.195
-0.103
0.1199
0.3677
0.5615
0.9314
1.159
1.516
1.775
2.186
2.433
2.882
3.298
3.723
4
4
4
4
4
4
4
4
4
4
4
3.883
3.727
3.493
3.352
3.108
2.955
2.741
2.597
2.423
2.336
2.187
2.056
1.959
1.805
1.719
1.626
1.453
1.344
1.243
1.086
1.036
0.9153
0.8357
0.7649
0.7087
0.6707
0.6431
0.5266
0.5005
0.4248
0.479
0.3794
0.3728
0.3284
0.293
0.262
0.2161
0.1689
0.0913
0.0486
0.0149
-0.118
-0.151
-0.253
-0.366
-0.436
-0.535
-0.587
-0.676
-0.743
-0.86
-0.945
-1.07
-1.14
-1.25
-1.35
-1.41
-1.48
-1.5
-1.55
-1.56
-1.49
-1.48
-1.54
-1.22
-1.17
-1
-0.842
-0.603
-0.505
-0.21
-0.024
0.1716
0.3064
0.6204
0.8796
1.238
1.65
1.949
2.404
2.67
3.139
3.432
3.856
4
4
4
4
4
4
4
4
4
4
3.774
3.617
3.378
3.237
3.047
2.837
2.7
2.504
2.395
2.228
2.135
2.035
1.941
1.864
1.823
1.717
1.639
1.588
1.499
1.425
1.361
1.316
1.205
1.205
1.045
1.106
0.9226
0.8665
0.8201
0.72
0.6655
0.5925
0.5122
0.4285
0.3379
0.2402
0.1692
0.0676
-0.031
-0.103
-0.205
-0.281
-0.378
-0.468
-0.587
-0.674
-0.809
-0.895
-1.01
-1.12
-1.16
-1.22
-1.23
-1.24
-1.22
-1.18
-1.17
-1.13
-1.07
-1.05
-1.01
-0.96
-0.831
-0.813
-0.677
-0.567
-0.535
-0.454
-0.303
-0.303
-0.177
-0.118
-0.069
0.0244
0.093
0.302
0.4424
0.6917
0.8574
1.183
1.427
1.852
2.288
2.589
3.045
3.365
3.837
4
4
4
4
4
4
4
4
4
4
3.826
3.67
3.412
3.291
3.094
2.962
2.78
2.621
2.522
2.354
2.268
2.118
2.024
1.891
1.801
1.663
1.577
1.529
1.405
1.389
1.259
1.181
1.226
0.988
1.046
0.9792
0.8455
0.8542
0.7302
0.6509
0.5977
0.46
0.364
0.2717
0.1899
0.082
0.0378
-0.058
-0.11
-0.144
-0.212
-0.24
-0.255
-0.307
-0.363
-0.388
-0.449
-0.493
-0.562
-0.614
-0.708
-0.803
-0.882
-0.997
-1.05
-1.13
-1.18
-1.23
-1.25
-1.28
-1.29
-1.29
-1.27
-1.23
-1.17
-1.12
-0.984
-0.958
-0.804
-0.763
-0.561
-0.444
-0.377
-0.117
-0.006
0.1362
0.3711
0.438
0.6675
0.8127
0.9485
1.24
1.406
1.69
2.025
2.218
2.547
2.791
3.174
3.452
3.821
4
4
4
4
4
4
4
4
4
4
4
4
4
3.873
3.518
3.229
3.005
2.754
2.514
2.257
2.086
1.85
1.692
1.435
1.334
1.163
1.035
0.9482
0.8281
0.7803
0.6851
0.647
0.5427
0.4756
0.4233
0.3081
0.2842
0.1924
0.1509
0.0742
0.0205
-0.047
-0.097
-0.169
-0.214
-0.292
-0.354
-0.394
-0.458
-0.513
-0.579
-0.614
-0.697
-0.751
-0.818
-0.894
-1.03
-1.15
-1.23
-1.32
-1.38
-1.42
-1.47
-1.48
-1.51
-1.46
-1.45
-1.42
-1.25
-1.26
-1.07
-0.987
-0.831
-0.66
-0.412
-0.288
-0.066
0.0642
0.3755
0.7341
0.9497
1.358
1.653
2.079
2.394
2.889
3.232
3.786
4
4
4
4
4
4
4
4
4
4
4
3.9
3.56
3.227
3.027
2.745
2.571
2.312
2.189
2.009
1.926
1.788
1.677
1.541
1.397
1.338
1.231
1.128
1.041
0.9565
0.8452
0.9158
0.6787
0.876
0.7334
0.7988
0.8931
0.7927
0.8794
0.8125
0.7942
0.7627
0.7258
0.665
0.6108
0.5295
0.4265
0.3491
0.2139
0.0989
-0.085
-0.218
-0.469
-0.682
-0.937
-1.12
-1.37
-1.58
-1.68
-1.81
-1.89
-1.91
-1.92
-1.85
-1.81
-1.74
-1.57
-1.53
-1.25
-1.25
-0.896
-0.677
-0.607
-0.395
-0.16
-0.061
-0.003
0.2078
0.5085
0.8062
1.026
1.42
1.669
2.029
2.319
2.731
3.035
3.429
3.822
4
4
4
4
4
4
4
4
4
3.994
3.666
3.497
3.242
3.015
2.729
2.609
2.395
2.26
2.096
1.975
1.844
1.72
1.649
1.612
1.466
1.472
1.344
1.374
1.162
1.166
1.009
0.9866
0.8733
0.7915
0.7046
0.5972
0.425
0.3149
0.1196
0.053
-0.125
-0.211
-0.375
-0.548
-0.676
-0.857
-0.983
-1.15
-1.25
-1.4
-1.48
-1.56
-1.61
-1.62
-1.59
-1.56
-1.48
-1.41
-1.34
-1.25
-1.15
-1.13
-0.992
-0.857
-0.805
-0.691
-0.715
-0.378
-0.45
-0.244
-0.07
0.0039
0.1157
0.2551
0.4353
0.6111
0.8254
1.019
1.306
1.506
1.844
2.05
2.431
2.7
3.123
3.502
3.727
4
4
4
4
4
4
4
4
4
4
4
4
4
3.854
3.756
3.486
3.323
3.053
2.862
2.593
2.35
2.17
1.925
1.799
1.486
1.439
1.195
1.047
0.9905
0.7847
0.6621
0.5564
0.4263
0.3064
0.1709
0.0342
-0.113
-0.245
-0.407
-0.751
-0.766
-0.94
-1.14
-1.29
-1.46
-1.57
-1.71
-1.77
-1.82
-1.81
-1.75
-1.7
-1.61
-1.51
-1.43
-1.33
-1.27
-1.15
-1.1
-0.988
-0.903
-0.885
-0.716
-0.676
-0.517
-0.501
-0.156
-0.193
0.0049
0.1326
0.2576
0.3416
0.5195
0.6589
0.9253
1.185
1.419
1.786
2.031
2.427
2.753
3.263
3.607
4
4
4
4
4
4
4
4
4
4
4
4
3.983
3.833
3.688
3.515
3.281
3.074
2.792
2.598
2.356
2.162
1.997
1.786
1.668
1.497
1.376
1.279
1.233
1.096
1.053
0.9387
0.8496
0.6694
0.5527
0.3521
0.1499
0.0193
-0.143
-0.249
-0.401
-0.495
-0.623
-0.692
-0.785
-0.826
-0.904
-0.963
-0.976
-1
-1.01
-0.996
-1.01
-0.948
-0.936
-0.87
-0.846
-0.787
-0.749
-0.74
-0.691
-0.725
-0.662
-0.712
-0.77
-0.774
-0.814
-0.83
-0.855
-0.827
-0.873
-0.738
-0.753
-0.621
-0.596
-0.423
-0.321
-0.093
0.1213
0.5317
1.014
1.417
2.032
2.491
3.16
3.641
4
4
4
4
4
4
4
4
4
4
4
4
4
4
3.787
3.569
3.158
2.941
2.551
2.313
1.933
1.764
1.475
1.333
1.145
1.114
0.9207
0.8755
0.8257
0.7388
0.7207
0.8162
0.5046
0.5134
0.283
0.2249
0.1204
0.0002
-0.245
-0.437
-0.737
-0.93
-1.24
-1.43
-1.66
-1.76
-1.9
-1.96
-1.96
-1.96
-1.95
-1.9
-1.8
-1.66
-1.54
-1.36
-1.21
-1.02
-0.819
-0.717
-0.453
-0.353
-0.076
0.0151
0.1777
0.3088
0.4531
0.6077
0.8572
1.142
1.333
1.626
1.821
2.098
2.252
2.455
2.603
2.8
2.914
3.032
3.096
3.101
3.067
3.034
2.957
2.893
2.772
2.676
2.54
2.449
2.313
2.184
2.104
1.997
1.95
1.862
1.836
1.746
1.737
1.656
1.634
1.558
1.523
1.454
1.437
1.385
1.33
1.276
1.208
1.14
1.059
1.007
0.95
0.8618
0.825
0.751
0.6956
0.6367
0.5842
0.5308
0.4946
0.4407
0.4204
0.3777
0.3679
0.3684
0.3721
0.3491
0.3201
0.3228
0.3015
0.2812
0.2737
0.251
0.2415
0.2349
0.248
0.2439
0.2834
0.3525
0.3445
0.416
-0.064
0.55
0.3499
0.5452
0.7844
0.8059
0.8862
0.9712
0.9426
0.9373
0.9248
0.8843
0.8608
0.8303
0.8167
0.8125
0.8008
0.8232
0.8367
0.8796
0.946
1.05
1.125
1.259
1.329
1.41
1.507
1.548
1.604
1.657
1.671
1.668
1.657
1.647
2.34
2.369
2.256
1.864
1.556
1.104
0.9495
0.7991
0.8086
0.8711
0.9209
1.019
1.083
1.123
1.131
1.101
1.036
0.999
0.9531
0.9385
0.9131
0.9202
0.9399
0.9595
0.9792
1.022
1.021
1.025
1.005
1.003
0.9834
0.9932
1.001
0.9902
1.012
1.01
0.998
1.006
1.013
1.006
0.998
0.9954
0.9761
0.9717
0.958
0.9065
0.8911
0.8723
0.8533
0.8442
0.8362
0.854
0.8611
0.8928
0.9312
0.9551
1
1.029
1.07
1.092
1.123
1.127
1.121
1.112
1.094
1.078
1.065
1.049
1.034
1.016
1.001
0.9668
0.9644
0.969
0.9607
0.9604
0.9551
0.9631
0.98
1.004
1.041
1.074
1.169
1.37
1.552
1.636
1.794
1.797
1.75
1.714
1.777
1.833
1.873
1.985
2.028
2.05
1.955
1.874
1.753
1.598
1.511
1.392
1.271
1.176
1.087
0.9966
0.8799
0.8433
0.7476
0.7087
0.6904
0.6875
0.6802
0.6868
0.7036
0.7114
0.7205
0.8042
0.8252
0.9016
0.9746
0.9712
1.055
1.074
1.049
1.064
1.034
1.043
0.9932
0.9583
0.8765
0.7937
0.7434
0.6707
0.6165
0.5457
0.4973
0.4175
0.3618
0.2805
0.2178
0.1248
0.0081
-0.036
-0.252
-0.272
-0.428
-0.537
-0.672
-0.77
-0.886
-0.952
-0.985
-0.967
-0.928
-0.858
-0.799
-0.727
-0.672
-0.568
-0.502
-0.37
-0.268
-0.096
0.1631
0.2175
0.5076
0.6248
0.7754
0.9246
1.127
1.274
1.569
1.783
2.146
2.471
2.684
2.981
3.201
3.377
3.456
3.457
3.364
3.329
3.363
3.388
3.306
3.193
3.032
2.914
2.732
2.641
2.517
2.401
2.23
2.198
2.057
1.997
1.954
1.892
1.839
1.83
1.792
1.768
1.732
1.697
1.612
1.622
1.494
1.601
1.401
1.438
1.403
1.329
1.276
1.218
1.154
1.09
0.999
0.8674
0.8164
0.72
0.6687
0.6201
0.5779
0.5093
0.4648
0.3472
0.3403
0.239
0.1909
0.1292
0.0334
-0.026
-0.133
-0.193
-0.282
-0.341
-0.463
-0.561
-0.706
-0.869
-0.955
-1.15
-1.24
-1.28
-1.24
-1.2
-1.19
-1.16
-1.15
-1.15
-1.11
-1.04
-0.958
-0.898
-0.801
-0.735
-0.595
-0.547
-0.324
-0.113
0.0427
0.272
0.5081
0.6943
0.9204
1.219
1.452
1.774
2.027
2.377
2.732
2.981
3.315
3.52
3.791
3.962
4
4
4
4
4
4
4
3.864
3.756
3.569
3.443
3.23
3.066
2.841
2.726
2.524
2.389
2.279
2.12
2.029
1.872
1.79
1.654
1.601
1.424
1.424
1.317
1.259
1.281
1.154
1.119
1.009
0.9294
0.7859
0.7405
0.6587
0.4426
0.4912
0.5249
0.3884
0.3591
0.2688
0.124
0.0625
-0.102
-0.207
-0.389
-0.511
-0.701
-0.901
-1.01
-1.16
-1.25
-1.34
-1.4
-1.41
-1.4
-1.36
-1.33
-1.24
-1.1
-1.02
-0.899
-0.727
-0.612
-0.418
-0.338
-0.226
-0.101
0.0559
0.2319
0.3066
0.5303
0.6113
0.7583
1.045
1.143
1.374
1.546
1.746
1.911
2.165
2.423
2.601
2.896
3.073
3.316
3.469
3.676
3.791
3.938
3.987
4
4
4
3.986
3.944
3.834
3.742
3.576
3.47
3.28
3.104
2.977
2.755
2.707
2.454
2.35
2.214
2.019
1.924
1.759
1.621
1.543
1.414
1.33
1.266
1.136
1.069
0.9048
0.8472
0.7839
0.6763
0.4277
0.436
0.3872
0.2617
0.1995
0.0757
-0.021
-0.133
-0.228
-0.383
-0.455
-0.587
-0.708
-0.787
-0.903
-0.967
-1.07
-1.12
-1.19
-1.23
-1.26
-1.26
-1.25
-1.2
-1.16
-1.07
-1
-0.873
-0.762
-0.691
-0.54
-0.493
-0.384
-0.146
-0.07
0.0669
0.2114
0.3242
0.4773
0.6013
0.7808
0.9446
1.18
1.375
1.641
1.936
2.138
2.452
2.645
2.934
3.117
3.375
3.54
3.751
3.864
4
4
4
4
4
4
4
3.897
3.809
3.648
3.536
3.328
3.152
3.006
2.792
2.656
2.495
2.356
2.209
2.122
1.937
1.868
1.691
1.539
1.454
1.356
1.257
1.193
1.14
1.002
0.9988
0.8796
0.7627
0.6357
0.5422
0.4841
0.3433
0.1997
0.0991
0.0667
-0.073
-0.149
-0.281
-0.392
-0.538
-0.709
-0.809
-0.959
-1.06
-1.18
-1.28
-1.4
-1.5
-1.63
-1.72
-1.78
-1.82
-1.8
-1.73
-1.66
-1.52
-1.42
-1.2
-1.07
-0.905
-0.752
-0.51
-0.376
-0.149
0.0115
0.0764
0.46
0.5708
0.8665
1.069
1.364
1.586
1.964
2.196
2.596
2.976
3.226
3.486
3.664
3.854
3.983
4
4
4
4
4
4
3.938
4
3.826
3.8
3.762
3.539
3.449
3.294
3.139
2.909
2.689
2.514
2.292
2.139
1.99
1.861
1.718
1.611
1.462
1.355
1.191
1.09
0.9973
0.8408
0.8118
0.7102
0.6272
0.6155
0.5398
0.4585
0.408
0.2927
0.2
0.1624
0.083
0.0374
-0.006
-0.072
-0.204
-0.282
-0.391
-0.481
-0.564
-0.68
-0.738
-0.828
-0.905
-0.987
-1.04
-1.12
-1.14
-1.19
-1.2
-1.19
-1.15
-1.13
-1.01
-0.97
-0.844
-0.743
-0.615
-0.451
-0.299
-0.133
0.0493
0.25
0.3831
0.5857
0.7236
1.001
1.203
1.538
1.8
2.124
2.337
2.647
2.924
3.089
3.334
3.484
3.646
3.746
4
4
4
1.733
2.923
3.374
2.74
3.411
3.582
3.129
3.022
2.709
2.422
2.142
2.007
2.01
2.069
2.067
1.992
1.891
1.779
1.68
1.666
1.469
1.449
1.255
1.264
1.046
1.054
0.9497
0.9236
0.8787
0.8542
0.791
0.7395
0.6587
0.5879
0.5005
0.4802
0.4043
0.355
0.2898
0.1997
0.1155
0.0017
-0.087
-0.205
-0.267
-0.32
-0.412
-0.503
-0.634
-0.738
-0.882
-0.974
-1.1
-1.17
-1.25
-1.33
-1.33
-1.31
-1.3
-1.25
-1.22
-1.12
-1.11
-0.894
-0.86
-0.75
-0.486
-0.524
-0.343
-0.292
-0.184
-0.068
0.0654
0.1978
0.3948
0.5366
0.8137
1.12
1.348
1.683
1.898
2.256
2.475
2.77
3.004
3.264
3.443
3.658
3.828
3.909
4
4
4
3.706
3.414
3.286
3.159
3.173
2.975
2.659
2.409
2.17
2.018
1.932
1.938
1.943
1.953
1.972
1.945
1.921
1.831
1.802
1.67
1.614
1.488
1.427
1.292
1.243
1.206
1.15
1.106
1.087
1.011
1.132
1.079
1.047
0.9517
0.9907
0.8274
0.772
0.6643
0.5645
0.449
0.396
0.2749
0.1689
0.0576
-0.038
-0.149
-0.235
-0.399
-0.482
-0.689
-0.895
-1.05
-1.29
-1.48
-1.72
-1.86
-2.03
-2.13
-2.25
-2.29
-2.3
-2.19
-2.07
-1.85
-1.71
-1.41
-1.14
-0.981
-0.683
-0.298
-0.115
0.2114
0.5325
0.6792
1.089
1.341
1.668
1.904
2.255
2.519
2.958
3.253
3.684
4
4
4
4
4
4
4
4
4
4
4
4
4
4
3.963
3.691
3.481
3.17
3.003
2.687
2.52
2.27
2.079
1.973
1.76
1.67
1.566
1.466
1.391
1.385
1.314
1.266
1.155
1.108
0.9961
0.8547
0.7415
0.5579
0.5325
0.1382
0.0986
-0.008
-0.117
-0.383
-0.64
-0.876
-1.2
-1.45
-1.74
-1.82
-1.96
-2.09
-2.24
-2.31
-2.38
-2.42
-2.39
-2.34
-2.26
-2.12
-2.03
-1.77
-1.7
-1.52
-1.25
-1.21
-0.884
-0.687
-0.403
-0.195
0.0374
0.1741
0.4438
0.5852
0.9641
1.251
1.758
2.338
2.772
3.432
3.917
4
4
4
4
4
4
4
4
4
4
4
4
4
4
4
4
4
3.741
3.334
3.139
2.895
2.781
2.494
2.459
2.236
2.15
1.961
1.777
1.483
1.268
0.479
0.4312
0.2009
-0.079
-0.435
-0.7
-0.953
-1.27
-1.53
-1.77
-1.99
-2.35
-2.55
-2.43
-2.34
-2.29
-2.27
-2.26
-2.21
-2.09
-2.02
-1.89
-1.8
-1.64
-1.53
-1.44
-1.26
-1.13
-1.02
-0.753
-0.583
-0.651
-0.208
-0.244
0.0503
0.2742
0.457
0.6619
1.046
1.303
1.706
2.233
2.594
3.149
3.588
4
4
4
4
4
4
4
4
4
4
4
4
4
4
4
4
3.798
3.265
2.929
2.511
2.211
2.033
1.627
1.62
1.328
1.261
1.097
0.9048
0.6155
0.3145
0.0544
-0.46
-0.683
-0.947
-1.17
-1.49
-1.65
-2.06
-2.18
-2.01
-1.84
-1.7
-1.6
-1.56
-1.5
-1.48
-1.47
-1.47
-1.5
-1.53
-1.56
-1.62
-1.63
-1.69
-1.73
-1.71
-1.78
-1.72
-1.67
-1.64
-1.53
-1.34
-1.32
-0.937
-0.803
-0.692
-0.376
-0.199
0.1724
0.4541
0.9976
1.405
2.049
2.757
3.279
4
4
4
4
4
4
4
4
4
4
4
4
4
4
4
4
4
4
3.697
3.431
3.033
2.862
2.643
2.491
2.295
2.191
2.013
1.876
1.692
1.553
1.326
1.039
1.031
0.8398
0.677
0.3284
0.0579
-0.426
-0.729
-1.18
-1.54
-1.9
-2.2
-2.45
-2.74
-2.96
-3.25
-3.37
-3.51
-3.49
-3.43
-3.34
-3.11
-2.8
-2.59
-2.21
-2.08
-1.66
-1.54
-1.15
-0.696
-0.56
-0.074
-0.1
0.6814
0.9382
1.185
1.601
2.217
2.625
3.279
3.771
4
4
4
4
4
4
4
4
4
4
4
4
4
4
4
3.943
3.357
3.041
2.653
2.393
2.019
1.815
1.431
1.35
1.158
1.07
0.9626
0.8159
0.9124
0.3411
0.1831
0.1384
-0.099
-0.557
-0.822
-1.21
-1.75
-1.96
-2.35
-2.57
-2.76
-2.88
-2.98
-2.97
-2.99
-2.9
-2.82
-2.65
-2.52
-2.21
-2
-1.55
-1.4
-0.574
-0.272
0.1516
1.062
1.604
1.85
2.377
2.947
3.386
4
4
4
4
4
4
4
4
4
4
4
4
4
4
4
4
3.749
3.398
2.87
2.671
2.353
2.278
1.857
1.916
1.788
1.707
1.944
1.331
1.09
0.908
0.7053
0.1729
-0.251
-0.809
-1.15
-1.61
-1.86
-2.2
-2.49
-2.6
-2.65
-2.62
-2.36
-2.19
-1.97
-1.81
-1.56
-1.39
-1.23
-1.02
-0.85
-0.718
-0.591
-0.362
-0.289
0.0754
0.2527
0.1467
0.5291
0.6323
1.051
1.143
1.445
1.601
1.964
2.199
2.538
2.773
3.089
3.292
3.571
3.793
3.916
4
4
4
3.972
3.826
3.698
3.478
3.327
3.094
2.91
2.752
2.555
2.365
2.191
2
1.753
1.604
1.495
1.338
1.285
1.131
1.077
0.9451
0.8274
0.6792
0.5598
0.3933
0.397
-0.2
-0.12
-0.105
-0.191
-0.242
-0.26
-0.324
-0.326
-0.306
-0.292
-0.277
-0.224
-0.196
-0.157
-0.111
-0.077
-0.029
0.012
0.0823
0.1384
0.2041
0.3479
0.4458
0.5225
0.647
0.8101
0.9048
1.092
1.141
1.322
1.441
1.604
1.742
1.884
1.99
2.153
2.329
2.417
2.576
2.653
2.762
2.811
2.936
2.997
3.063
3.067
3.047
3.008
2.954
2.816
2.728
2.555
2.435
2.271
2.184
2.063
1.98
1.874
1.76
1.671
1.574
1.508
1.433
1.392
1.322
1.301
1.231
1.163
1.15
1.007
0.8918
0.8003
0.72
0.5913
0.5117
0.3784
0.2754
0.1294
-0.032
-0.172
-0.379
-0.571
-0.832
-1.05
-1.41
-1.69
-2.09
-2.38
-2.75
-3.04
-3.17
-3.27
-3.3
-3.22
-3.14
-2.93
-2.71
-2.42
-2.15
-1.74
-1.37
-1.13
-0.803
-0.564
-0.296
-0.096
0.2227
0.4358
0.7952
1.044
1.536
1.928
2.214
2.739
3.143
3.707
3.999
4
4
4
4
4
4
4
4
4
3.682
3.279
3.615
3.502
3.081
2.627
1.996
1.926
2.071
2.408
2.662
2.93
3.114
3.054
3.073
2.916
2.807
2.586
2.338
2.217
1.954
1.881
1.684
1.544
1.397
1.282
1.135
1.049
0.8918
0.8027
0.4502
0.3774
0.3228
0.1028
-0.023
-0.194
-0.367
-0.546
-0.707
-1.04
-1.12
-1.24
-1.41
-1.54
-1.71
-1.79
-1.87
-1.96
-2.01
-2.07
-2.14
-2.19
-2.2
-2.27
-2.28
-2.27
-2.27
-2.28
-2.31
-2.3
-2.29
-2.19
-2.05
-1.98
-1.76
-1.64
-1.59
-1.3
-1.1
-1.07
-0.614
-0.411
-0.223
0.304
0.3958
0.8845
1.19
1.592
1.902
2.338
2.592
3.044
3.32
3.729
4
4
4
4
3.136
4
4
0.3401
4
3.857
3.101
3.579
3.331
3.504
3.119
2.504
2.254
2.175
2.436
2.894
3.096
3.232
3.148
3.069
2.825
2.749
2.644
2.568
2.3
2.274
2.027
1.865
1.661
1.431
1.315
1.076
0.9619
0.802
0.6782
0.5293
0.4075
0.2622
0.1494
0.0085
-0.125
-0.215
-0.354
-0.429
-0.547
-0.641
-0.743
-0.849
-1.04
-1.13
-1.31
-1.53
-1.65
-1.86
-1.98
-2.15
-2.24
-2.34
-2.39
-2.43
-2.42
-2.4
-2.32
-2.26
-2.12
-2.04
-1.84
-1.69
-1.48
-1.38
-1.16
-1.02
-0.807
-0.557
-0.382
-0.205
-0.038
0.1543
0.302
0.5669
0.7341
1.03
1.365
1.613
2.021
2.32
2.745
3.063
3.472
3.807
4
4
4
4
4
4
4
4
4
4
4
4
4
4
4
3.917
3.604
3.375
3.101
2.94
2.697
2.552
2.344
2.187
2.043
1.845
1.813
1.488
1.462
1.223
1.117
1.009
0.8887
0.7913
0.7234
0.6479
0.4873
0.4304
0.2478
0.1489
-0.034
-0.181
-0.413
-0.578
-0.826
-1
-1.24
-1.51
-1.66
-1.86
-1.99
-2.13
-2.22
-2.34
-2.38
-2.44
-2.45
-2.42
-2.38
-2.29
-2.15
-2.09
-1.87
-1.84
-1.65
-1.47
-1.3
-1.08
-0.895
-0.712
-0.521
-0.385
-0.234
-0.009
0.0371
0.228
0.3506
0.5957
0.8884
1.085
1.412
1.648
1.953
2.189
2.534
2.786
3.213
3.478
3.851
4
4
4
4
4
4
4
4
4
4
4
4
3.999
3.759
3.586
3.326
3.168
2.923
2.748
2.525
2.333
2.092
1.84
1.706
1.52
1.405
1.243
1.171
1.084
1.039
0.959
0.946
0.9265
0.8582
0.8752
0.8169
0.7952
0.7056
0.6863
0.5874
0.5508
0.4421
0.3735
0.2859
0.1567
0.0769
-0.068
-0.124
-0.281
-0.375
-0.503
-0.582
-0.698
-0.791
-0.911
-1.02
-1.1
-1.14
-1.2
-1.2
-1.19
-1.18
-1.15
-1.08
-1.02
-0.959
-0.876
-0.811
-0.712
-0.67
-0.587
-0.54
-0.478
-0.414
-0.332
-0.283
-0.159
-0.052
0.0286
0.1772
0.2842
0.3831
0.3416
0.7717
0.8271
1.194
1.352
1.565
1.788
1.904
2.075
2.156
2.271
2.347
2.385
2.464
2.537
2.601
2.6
2.561
2.539
2.403
3.751
1.647
2.484
2.45
2.103
2.174
2.056
1.99
1.834
1.794
1.785
1.729
1.704
1.702
1.693
1.696
1.634
1.638
1.578
1.517
1.484
1.397
1.319
1.249
1.196
1.1
1.085
0.9802
0.8574
0.8628
0.7339
0.7866
0.7429
0.7363
0.6965
0.7114
0.6606
0.6743
0.6321
0.6497
0.7097
0.6838
0.6958
0.6912
0.6665
0.6284
0.6069
0.554
0.5378
0.499
0.4666
0.4626
0.4607
0.4709
0.48
0.4966
0.5369
0.5706
0.6096
0.6792
0.7439
0.7842
0.8313
0.917
0.9424
1.005
1.223
1.963
2.82
2.939
2.107
1.094
0.8147
0.5676
0.481
0.5935
0.8523
1.021
1.153
1.158
1.049
0.9861
0.8926
0.7908
0.8306
1.226
0.9111
1.074
1.036
0.8882
0.8745
0.8335
0.9709
1.472
1.323
0.8303
0.6089
0.8784
0.9453
1.079
1.11
1.1
1.014
0.9966
0.9724
1.041
1.097
1.07
1.028
1
0.9924
0.9631
0.9221
0.823
0.7861
0.8176
1.314
1.049
0.4336
0.4436
0.6086
0.7129
0.615
0.4167
0.5476
0.6208
0.5925
0.5352
0.5715
0.6079
0.5708
0.5818
0.606
0.6531
0.689
0.7488
0.7676
0.8469
0.8882
0.9243
0.9536
0.9473
0.9729
0.9675
1.007
1.024
0.9275
0.8621
0.7324
0.634
0.6606
0.655
0.5728
0.5242
0.5276
0.5254
0.5046
0.5151
0.4861
0.5352
0.5908
0.5918
0.6353
0.6633
0.6921
0.6714
0.7048
0.7222
0.7078
0.7217
0.7595
0.7393
0.7454
0.7439
0.6912
0.6492
0.6497
0.6125
0.647
0.7095
0.6343
0.5264
0.6289
0.593
0.5022
0.5269
0.5664
0.6345
0.6836
0.6736
0.7104
0.7263
0.7058
0.728
0.7241
0.7075
0.7214
0.7173
0.6973
0.6863
0.6902
0.6702
0.6753
0.697
0.6868
0.6812
0.7551
0.7375
0.6589
0.6074
0.5891
0.5942
0.6194
0.6555
0.6516
0.6462
0.616
0.967
1.182
1.314
1.328
1.53
1.69
1.671
1.482
1.302
1.153
1.122
1.133
1.147
1.135
1.129
1.11
1.09
1.054
1.043
1.061
1.09
1.075
1.101
1.061
1.031
1.038
0.9719
1.01
0.9846
1.001
1.002
1.002
1.021
1.047
1.081
1.123
1.141
1.15
1.155
1.121
1.109
1.088
1.037
1.01
1.021
0.9875
0.9497
0.947
0.8933
0.8938
0.8477
0.834
0.8086
0.8242
0.821
0.8091
0.8269
0.8105
0.7942
0.7371
0.7065
0.6477
0.6367
0.5459
0.5413
0.5061
0.4802
0.5342
0.3984
0.3259
0.3208
0.3071
0.3513
0.3538
0.323
0.2507
0.2524
0.1606
0.1655
0.1111
0.1091
0.0764
0.0522
0.0493
0.0581
0.1411
0.1353
0.1633
0.2197
0.2964
0.3967
0.5066
0.6438
0.7498
0.9131
0.9836
1.153
1.299
1.403
1.562
1.658
1.824
1.928
2.081
2.179
2.317
2.384
2.44
2.5
2.524
2.555
2.631
2.52
2.458
2.396
2.42
2.406
2.368
2.324
2.264
2.231
2.226
2.178
2.125
2.115
2.014
1.96
1.875
1.823
1.759
1.705
1.692
1.663
1.647
1.594
1.545
1.456
1.376
1.277
1.219
1.12
1.04
0.9844
0.9224
0.8823
0.8159
0.7622
0.6719
0.6184
0.5496
0.4949
0.417
0.3389
0.3164
0.2529
0.1892
0.1035
0.0752
-0.013
-0.041
-0.102
-0.163
-0.207
-0.281
-0.316
-0.367
-0.405
-0.42
-0.431
-0.43
-0.425
-0.461
-0.415
-0.429
-0.439
-0.437
-0.366
-0.344
-0.396
-0.375
-0.356
-0.37
-0.285
-0.212
-0.13
-0.014
0.0908
0.2727
0.3857
0.605
0.7373
0.9419
1.11
1.275
1.568
1.793
2.082
2.284
2.567
2.7
3
3.134
3.385
3.493
3.726
3.981
4
4
4
3.662
3.478
3.343
3.294
3.088
2.935
2.625
2.347
2.124
1.869
1.705
1.493
1.354
1.175
1.121
1.01
0.9482
0.8872
0.8303
0.8191
0.8262
0.8403
0.8738
0.8953
0.9297
0.9478
0.9802
0.9888
1.008
0.9939
1.008
0.9822
0.9863
1.002
0.8538
0.9851
0.8328
0.8325
0.7893
0.7178
0.6392
0.5886
0.4722
0.3835
0.259
0.1489
-0.011
-0.112
-0.265
-0.403
-0.502
-0.624
-0.713
-0.847
-0.924
-1.04
-1.05
-1.24
-1.36
-1.42
-1.44
-1.42
-1.31
-1.28
-1.16
-1.04
-0.929
-0.782
-0.631
-0.497
-0.313
-0.108
0.0383
0.2603
0.4216
0.6548
0.8125
1.125
1.34
1.7
1.973
2.323
2.756
3.076
3.469
3.853
4
4
4
4
4
4
4
4
3.987
3.305
3.312
3.378
3.136
2.629
2.375
1.972
1.795
1.504
1.36
1.243
1.133
1.095
1.028
0.9888
0.9912
0.9495
0.9844
0.9512
0.9751
0.978
1.017
1.027
1.017
1.091
1.091
1.028
1.05
1.062
1.039
1.039
0.9656
0.9587
0.9229
0.8557
0.8164
0.759
0.6926
0.6218
0.4856
0.4067
0.3254
0.2776
0.1743
0.0864
0.0327
-0.083
-0.127
-0.229
-0.311
-0.417
-0.577
-0.668
-0.812
-0.919
-1.04
-1.1
-1.17
-1.21
-1.21
-1.24
-1.23
-1.22
-1.17
-1.1
-1.02
-0.913
-0.809
-0.725
-0.629
-0.531
-0.47
-0.338
-0.147
-0.015
0.2136
0.3762
0.6206
0.8374
1.22
1.455
1.888
2.208
2.697
3.14
3.387
3.749
3.932
4
4
4
4
4
4
4
3.854
3.592
3.356
3.242
3.07
3
2.862
2.682
2.395
2.229
2.038
1.895
1.823
1.765
1.723
1.71
1.701
1.734
1.701
1.711
1.688
1.657
1.603
1.584
1.495
1.449
1.346
1.293
1.173
1.088
0.9597
0.8442
0.7168
0.5449
0.457
0.2686
0.158
-0.008
-0.11
-0.261
-0.375
-0.524
-0.624
-0.774
-0.911
-1.01
-1.11
-1.18
-1.26
-1.31
-1.37
-1.4
-1.42
-1.41
-1.37
-1.28
-1.19
-1.06
-0.901
-0.74
-0.68
-0.317
-0.239
-0.068
0.0537
0.1196
0.3508
0.3005
0.6328
0.6511
0.8496
1.014
1.25
1.442
1.76
2.022
2.338
2.712
3.106
4
2.573
1.171
3.9
4
4
4
4
4
4
3.713
2.962
2.589
2.193
1.97
1.793
1.589
1.422
1.442
1.544
1.788
1.933
2.036
2.045
1.991
1.931
1.856
1.8
1.731
1.67
1.615
1.54
1.485
1.395
1.352
1.259
1.193
1.102
1.032
0.926
0.8101
0.7427
0.6643
0.5913
0.5068
0.4644
0.3948
0.3525
0.311
0.2783
0.2178
0.1619
0.1204
0.0425
-0.006
-0.044
-0.156
-0.202
-0.311
-0.408
-0.469
-0.587
-0.734
-0.818
-0.95
-1.05
-1.2
-1.3
-1.47
-1.55
-1.61
-1.71
-1.75
-1.71
-1.69
-1.64
-1.54
-1.39
-1.28
-1.08
-0.957
-0.781
-0.667
-0.471
-0.247
-0.078
0.2271
0.4326
0.8154
1.097
1.501
1.762
2.223
2.528
2.805
3.436
3.6
4
4
4
4
2.765
4
4
4
4
2.307
2.224
4
4
2.886
2.875
2.16
1.511
1.374
1.508
1.593
1.72
1.819
1.884
1.941
2.034
2.059
2.07
2.043
1.987
1.974
1.907
1.865
1.806
1.718
1.644
1.557
1.478
1.339
1.241
1.084
0.9448
0.7209
0.4832
0.3472
0.1028
-0.052
-0.3
-0.454
-0.663
-0.811
-1.02
-1
-1.33
-1.36
-1.45
-1.63
-1.69
-1.78
-1.81
-1.81
-1.8
-1.76
-1.71
-1.66
-1.6
-1.55
-1.47
-1.41
-1.33
-1.24
-1.15
-1.07
-0.952
-0.848
-0.704
-0.525
-0.421
-0.151
-0.004
0.2734
0.4878
0.8271
1.07
1.465
1.805
2.25
2.738
3.09
3.585
3.912
4
4
4
4
4
3.51
4
4
4
4
4
3.127
3.604
3.146
2.622
2.403
2.052
1.907
1.789
1.818
1.827
1.91
2.024
2.094
2.172
2.233
2.266
2.269
2.256
2.178
2.147
2.01
1.91
1.751
1.613
1.395
1.255
1.002
0.7803
0.6145
0.376
0.2097
-0.02
-0.195
-0.474
-0.628
-0.913
-1.07
-1.32
-1.55
-1.68
-1.86
-1.92
-2.03
-2.03
-2.05
-2.01
-1.97
-1.91
-1.82
-1.68
-1.56
-1.38
-1.24
-1.04
-0.907
-0.711
-0.6
-0.443
-0.347
-0.221
-0.041
0.071
0.3193
0.4863
0.8098
0.9751
1.403
1.684
2.171
2.683
3.411
4
3.094
4
4
4
4
4
3.332
0.8843
2.356
4
3.365
2.358
1.442
1.256
1.376
1.696
2.049
2.109
1.985
1.978
1.932
2.047
2.104
2.198
2.281
2.226
2.157
2.021
1.954
1.835
1.722
1.645
1.544
1.487
1.362
1.317
1.182
1.088
0.9875
0.8992
0.752
0.5823
0.481
0.314
0.1868
0.0051
-0.103
-0.316
-0.42
-0.588
-0.744
-0.855
-0.999
-1.08
-1.19
-1.23
-1.28
-1.3
-1.33
-1.35
-1.37
-1.39
-1.41
-1.4
-1.4
-1.39
-1.38
-1.41
-1.26
-1.23
-1.15
-1.08
-0.965
-0.868
-0.772
-0.703
-0.586
-0.498
-0.267
-0.063
0.1082
0.3164
0.5723
0.7844
1.194
1.656
1.996
2.445
2.715
3.267
3.576
4
4
4
4
4
4
4
4
4
4
4
3.977
3.71
3.194
3.015
2.803
2.41
2.181
1.953
1.88
1.932
2.003
2.093
2.105
2.124
2.083
2.041
1.986
1.956
1.872
1.813
1.701
1.593
1.481
1.389
1.297
1.144
1.016
0.8787
0.7842
0.5815
0.4849
0.3086
0.1719
0.0134
-0.121
-0.334
-0.469
-0.708
-0.917
-1.08
-1.36
-1.37
-1.64
-1.74
-1.88
-1.92
-1.94
-1.93
-1.87
-1.79
-1.67
-1.53
-1.46
-1.3
-1.15
-1.05
-0.863
-0.791
-0.649
-0.526
-0.416
-0.334
-0.269
-0.166
-0.102
-0.02
0.1655
0.2969
0.574
0.8176
1.216
1.654
2.012
2.488
2.837
3.345
3.68
4
4
4
4
4
4
4
4
4
4
4
3.871
3.611
3.183
2.891
2.592
2.262
2.145
2.057
2.07
2.115
2.146
2.144
2.125
2.126
2.067
2.118
1.975
2.064
1.926
1.997
1.75
1.701
1.574
1.517
1.407
1.213
1.105
0.9294
0.7507
0.572
0.4023
0.1604
-0.012
-0.287
-0.429
-0.67
-0.916
-1.07
-1.28
-1.38
-1.51
-1.57
-1.63
-1.63
-1.62
-1.57
-1.48
-1.35
-1.28
-1.19
-1.15
-1.08
-1.04
-0.989
-0.941
-0.863
-0.818
-0.748
-0.7
-0.672
-0.631
-0.617
-0.651
-0.47
-0.505
-0.428
-0.278
-0.203
0.0181
0.1873
0.3982
0.699
0.9177
1.341
1.649
2.178
2.545
3.138
3.523
4
4
4
4
4
4
4
4
4
4
4
4
4
3.652
3.325
3.133
2.788
2.589
2.32
2.208
2.042
1.962
1.878
1.844
1.8
1.784
1.764
1.737
1.716
1.66
1.689
1.561
1.672
1.435
1.437
1.361
1.323
1.211
1.088
0.9661
0.8291
0.7319
0.554
0.3679
0.1458
-0.131
-0.307
-0.538
-0.694
-0.928
-1.08
-1.27
-1.39
-1.51
-1.57
-1.63
-1.65
-1.62
-1.57
-1.53
-1.45
-1.4
-1.34
-1.27
-1.17
-1.14
-1.06
-0.994
-0.995
-0.782
-0.717
-0.652
-0.549
-0.401
-0.29
-0.123
0.0068
0.2246
0.3992
0.6956
1.06
1.284
1.725
2.027
2.516
2.854
3.359
3.708
4
4
4
4
4
4
4
4
4
4
4
3.775
3.56
3.259
2.978
2.819
2.607
2.517
2.387
2.351
2.279
2.24
2.194
2.159
2.1
2.055
2.07
2.002
1.83
1.785
1.707
1.675
1.634
1.479
1.408
1.232
1.052
0.9097
0.6753
0.5193
0.2693
0.113
-0.144
-0.305
-0.589
-0.742
-1.01
-1.24
-1.41
-1.61
-1.74
-1.89
-1.95
-2.02
-2.04
-2.02
-2
-1.93
-1.84
-1.82
-1.74
-1.72
-1.63
-1.54
-1.48
-1.25
-1.27
-1.25
-1
-0.966
-0.868
-0.762
-0.722
-0.594
-0.521
-0.354
-0.136
0.1653
0.4705
0.9512
1.494
1.914
2.56
3.028
3.737
4
4
4
4
4
4
4
4
4
4
4
4
4
4
4
3.781
3.371
2.858
2.711
2.785
2.705
2.682
2.614
2.432
2.455
2.17
2.114
1.866
1.867
1.767
1.7
1.585
1.332
1.135
0.8521
0.5667
0.1453
-0.252
-0.515
-0.843
-1.05
-1.31
-1.44
-1.61
-1.68
-1.78
-1.82
-1.86
-1.87
-1.88
-1.89
-1.92
-1.9
-1.91
-1.91
-1.92
-1.88
-1.88
-1.88
-1.91
-1.92
-1.91
-1.89
-1.85
-1.81
-1.77
-1.7
-1.7
-1.45
-1.37
-1.2
-1.02
-0.815
-0.609
-0.296
-0.031
0.4365
0.8259
1.489
1.951
2.785
3.628
4
4
4
4
4
4
4
4
4
4
4
4
4
4
4
4
3.576
3.3
3.032
2.681
2.469
2.22
2.094
1.927
1.879
1.722
1.67
1.632
1.588
1.548
1.533
1.52
1.473
1.44
1.34
1.249
1.066
0.8779
0.5962
0.3215
-0.108
-0.425
-0.921
-1.42
-1.72
-2.03
-2.16
-2.17
-2.44
-2.64
-2.56
-2.44
-2.37
-2.25
-2.2
-2.19
-2.32
-1.97
-2.1
-1.9
-1.85
-1.77
-1.62
-1.55
-1.47
-1.42
-1.3
-1.16
-1.02
-0.771
-0.6
-0.261
0.0386
0.5354
0.9023
1.46
2.122
2.61
3.352
3.804
4
4
4
4
4
4
4
4
4
4
4
4
4
4
4
3.825
3.658
3.145
2.777
2.617
2.259
2.196
1.964
1.835
1.627
1.471
1.201
1.017
0.7207
0.333
0.0325
-0.487
-0.798
-1.27
-1.54
-1.86
-2.01
-2.16
-2.2
-2.16
-2.06
-2
-1.8
-1.73
-1.64
-1.61
-1.58
-1.54
-1.51
-1.47
-1.44
-1.42
-1.33
-1.33
-1.34
-1.17
-1.26
-1.17
-1.05
-0.989
-0.744
-0.429
0.0586
0.46
1.176
1.719
2.589
3.207
4
4
4
4
4
4
4
4
4
4
4
4
4
4
4
4
4
4
3.437
3.096
2.494
2.201
1.745
1.308
1.027
0.8892
0.748
0.6055
0.3879
0.3582
0.1824
-0.106
-0.442
-1.05
-1.51
-2.2
-2.83
-3.04
-3.52
-3.7
-3.71
-3.64
-3.4
-3.18
-2.91
-2.7
-2.4
-2.09
-1.91
-1.69
-1.63
-1.52
-1.48
-1.45
-1.43
-1.37
-1.31
-1.25
-1.18
-1.07
-0.773
-0.678
-0.402
-0.13
0.3267
0.6555
1.25
1.705
2.412
3.119
3.597
4
4
4
4
4
4
4
4
4
4
4
4
4
4
4
4
3.831
3.418
3.201
2.904
2.701
2.569
2.481
2.383
2.222
2.192
2.052
1.962
1.685
1.476
1.119
0.7446
0.4844
0.0884
-0.158
-0.492
-0.706
-0.987
-1.15
-1.37
-1.51
-1.68
-1.82
-1.89
-1.99
-2
-2.07
-2.11
-2.19
-2.24
-2.24
-2.24
-2.16
-2.07
-2.1
-1.89
-1.71
-1.53
-1.37
-1.27
-1.07
-0.874
-0.646
-0.245
0.2539
0.6592
1.332
1.82
2.55
3.066
3.921
4
4
4
4
4
4
4
4
4
4
4
4
4
4
4
3.99
3.603
3.26
2.975
2.684
2.467
2.421
2.046
1.654
1.643
1.392
1.142
0.8989
0.385
0.1235
-0.431
-0.816
-1.46
-1.82
-2.36
-2.62
-2.88
-3.03
-3.04
-2.95
-2.85
-2.67
-2.48
-2.32
-2.22
-2.09
-2
-1.9
-1.75
-1.69
-1.58
-1.41
-1.38
-1.42
-1.19
-1.17
-0.881
-0.965
-0.773
-0.582
-0.472
-0.166
0.052
0.5071
0.895
1.536
2.049
2.848
3.597
4
4
4
4
4
4
4
4
4
4
4
4
4
4
4
4
4
4
3.838
3.532
3.156
2.757
2.566
2.278
2.101
1.74
1.38
0.9556
0.5632
-0.124
-0.643
-1.37
-2.04
-2.44
-2.91
-3.17
-3.38
-3.46
-3.42
-3.31
-3.15
-2.97
-2.79
-2.62
-2.53
-2.43
-2.36
-2.2
-2.16
-1.98
-1.83
-1.67
-1.7
-1.38
-1.24
-1.25
-1.21
-1.05
-0.824
-0.606
-0.176
0.1873
0.759
1.209
1.901
2.656
3.316
4
4
4
4
4
4
4
4
4
4
4
4
4
4
4
4
4
3.887
3.461
3.25
2.851
2.654
2.414
2.308
2.133
2.003
1.798
1.657
1.262
1.02
0.467
-0.126
-0.757
-1.17
-1.52
-2.02
-2.27
-2.6
-2.74
-2.81
-2.88
-2.84
-2.72
-2.65
-2.52
-2.41
-2.29
-2.27
-2.2
-2.17
-2.03
-1.99
-1.65
-1.65
-1.32
-1.15
-1.14
-0.881
-0.739
-0.387
-0.111
0.3481
0.7397
1.356
2.063
2.604
3.561
4
4
4
4
4
4
4
4
4
4
4
4
4
4
4
4
3.619
3.635
2.985
2.533
2.361
1.964
1.841
1.616
1.481
1.289
1.075
0.8298
0.3596
0.0386
-0.133
-0.428
-0.933
-1.1
-1.48
-1.63
-1.7
-1.75
-1.76
-1.7
-1.61
-1.47
-1.41
-1.23
-1.13
-1.03
-0.92
-0.841
-0.773
-0.608
-0.45
-0.625
-0.276
-0.292
-0.258
-0.325
-0.19
-0.121
0.0544
0.2458
0.5361
0.7837
1.295
1.96
2.429
3.126
3.583
4
4
4
4
4
4
4
4
4
4
4
4
4
3.496
3.313
3.04
2.803
2.635
2.281
2.086
1.807
1.562
1.185
0.9448
0.5046
0.1687
-0.259
-0.811
-0.981
-1.04
-1.25
-1.32
-1.31
-1.34
-1.25
-1.08
-1.01
-0.826
-0.793
-0.64
-0.556
-0.502
-0.418
-0.246
-0.179
0.001
0.1372
0.241
0.4873
0.5701
0.9211
1.185
1.454
1.831
2.092
2.462
2.707
3.04
3.24
3.525
3.693
3.856
3.944
3.96
3.916
3.859
3.738
3.64
3.484
3.369
3.184
3.051
2.833
2.627
2.484
2.292
2.146
2.003
1.904
1.755
1.691
1.627
1.521
1.467
1.325
1.253
1.085
0.9963
0.8604
0.7593
0.6335
0.5342
0.4053
0.3416
0.2605
0.1689
0.1316
0.0884
0.0713
0.04
0.0217
-0.022
-0.049
-0.1
-0.139
-0.212
-0.272
-0.322
-0.404
-0.451
-0.492
-0.536
-0.587
-0.597
-0.641
-0.662
-0.697
-0.738
-0.764
-0.812
-0.77
-0.778
-0.766
-0.715
-0.707
-0.665
-0.633
-0.571
-0.493
-0.422
-0.27
-0.154
-0.011
0.1567
0.4126
0.5676
0.896
1.118
1.451
1.807
2.051
2.469
2.67
3.043
3.409
4
3.612
4
4
4
4
4
4
4
4
4
3.656
3.455
3.158
3.042
2.874
2.796
2.823
2.871
2.966
2.916
2.845
2.729
2.605
2.397
2.256
1.987
1.748
1.586
1.336
1.159
0.9053
0.7485
0.5051
0.3535
0.1282
-0.007
-0.184
-0.365
-0.459
-0.625
-0.706
-0.897
-0.973
-1.18
-1.32
-1.52
-1.66
-1.86
-2.04
-2.16
-2.29
-2.36
-2.44
-2.48
-2.52
-2.52
-2.49
-2.45
-2.32
-2.2
-2.06
-1.83
-1.7
-1.54
-1.38
-1.24
-1.17
-0.858
-0.77
-0.505
-0.213
0.0303
0.4609
0.7729
1.242
1.598
2.141
2.533
3.159
3.634
4
4
4
4
4
4
4
4
4
4
4
4
4
4
4
4
3.78
3.469
3.067
2.854
2.589
2.403
2.078
1.817
1.68
1.427
1.288
1.073
0.946
0.697
0.5281
0.3438
0.2185
0.0347
-0.119
-0.17
-0.293
-0.354
-0.487
-0.564
-0.73
-0.812
-0.979
-1.1
-1.28
-1.5
-1.62
-1.82
-1.95
-2.16
-2.29
-2.49
-2.59
-2.74
-2.79
-2.89
-2.92
-2.9
-2.84
-2.78
-2.63
-2.49
-2.3
-2.14
-1.87
-1.77
-1.26
-1.04
-0.697
-0.363
-0.031
0.3748
0.6948
1.209
1.573
2.185
2.624
3.313
3.984
4
4
4
4
4
4
4
4
4
4
4
4
4
4
4
4
3.836
3.342
2.92
2.809
2.8
2.916
2.871
2.695
2.508
2.219
2.021
1.773
1.603
1.371
1.326
0.9326
0.6741
0.5542
0.4341
0.2852
0.1238
0.0715
-0.054
-0.13
-0.24
-0.299
-0.414
-0.531
-0.638
-0.814
-0.934
-1.16
-1.3
-1.57
-1.75
-1.98
-2.14
-2.35
-2.51
-2.59
-2.66
-2.68
-2.67
-2.64
-2.56
-2.51
-2.41
-2.34
-2.18
-2
-1.86
-1.66
-1.57
-1.32
-1.18
-0.937
-0.781
-0.336
-0.175
0.2297
0.5847
0.8125
1.208
1.491
1.879
2.159
2.628
2.95
3.475
3.803
4
4
4
4
4
4
4
4
4
4
4
4
4
4
4
4
3.436
3.037
2.639
2.519
2.631
2.65
2.569
2.363
2.195
1.971
1.859
1.703
1.604
1.474
1.393
1.243
1.126
1.039
0.905
0.8108
0.6636
0.5718
0.3916
0.2778
0.1304
-0.055
-0.25
-0.495
-0.744
-0.958
-1.22
-1.53
-1.72
-2.08
-2.28
-2.57
-2.75
-2.96
-3.12
-3.15
-3.14
-3.11
-3
-2.9
-2.77
-2.69
-2.49
-2.39
-2.19
-1.99
-1.85
-1.6
-1.36
-1.17
-0.983
-0.652
-0.393
-0.121
0.1267
0.5869
1.017
1.316
1.752
2.079
2.528
2.854
3.345
3.676
4
4
4
4
4
4
4
4
4
4
4
4
4
4
4
4
3.955
3.656
3.447
3.481
3.475
3.42
3.281
3.045
2.745
2.407
2.211
1.947
1.76
1.491
1.347
1.116
0.8665
0.7175
0.5635
0.3999
0.1743
-0.008
-0.197
-0.271
-0.493
-0.639
-0.842
-1.01
-1.23
-1.37
-1.67
-1.91
-2.11
-2.33
-2.46
-2.63
-2.7
-2.79
-2.82
-2.85
-2.83
-2.81
-2.76
-2.71
-2.63
-2.57
-2.42
-2.35
-2.2
-2.11
-1.92
-1.76
-1.58
-1.28
-1.16
-0.71
-0.591
-0.233
0.0388
0.2148
0.4778
0.9038
1.098
1.518
1.931
2.22
2.723
3.03
3.608
4
4
4
4
4
4
4
4
4
4
4
4
4
4
4
4
3.742
2.991
2.706
2.754
2.88
2.844
2.732
2.471
2.27
2.023
1.884
1.685
1.532
1.421
1.274
1.155
0.9958
0.906
0.7412
0.6428
0.4287
0.4062
0.197
0.0347
-0.148
-0.218
-0.468
-0.629
-0.899
-1.16
-1.35
-1.69
-2.01
-2.26
-2.59
-2.78
-3.05
-3.18
-3.32
-3.35
-3.34
-3.32
-3.23
-3.13
-3.07
-2.87
-2.77
-2.57
-2.43
-2.29
-1.93
-1.63
-1.44
-1.07
-0.753
-0.522
-0.22
0.075
0.5581
0.8997
1.421
1.781
2.322
2.674
3.218
3.788
4
4
4
4
4
4
4
4
4
4
4
4
4
4
4
4
4
3.759
3.41
3.344
3.307
3.226
3.149
2.943
2.797
2.589
2.443
2.26
2.136
1.957
1.846
1.653
1.51
1.417
1.329
1.143
0.9966
0.8279
0.6467
0.4907
0.1973
0.0337
-0.226
-0.553
-0.735
-1.04
-1.28
-1.61
-1.87
-2.21
-2.43
-2.75
-2.93
-3.17
-3.35
-3.4
-3.46
-3.44
-3.37
-3.31
-3.2
-3.12
-3
-2.88
-2.69
-2.47
-2.34
-2.03
-1.92
-1.69
-1.51
-1.15
-0.963
-0.48
-0.363
-0.05
0.3728
0.6008
0.9993
1.297
1.731
2.049
2.558
2.95
3.567
4
4
4
4
4
4
4
4
4
4
4
4
4
4
4
4
3.802
3.374
3.273
3.209
3.136
3.026
2.92
2.742
2.529
2.402
2.252
2.138
1.976
1.875
1.838
1.464
1.398
1.239
1.109
0.8474
0.7732
0.5662
0.3633
0.1582
-0.098
-0.343
-0.565
-0.935
-1.17
-1.57
-1.97
-2.25
-2.62
-2.86
-3.15
-3.31
-3.47
-3.51
-3.54
-3.5
-3.37
-3.23
-3.14
-2.97
-2.87
-2.61
-2.45
-2.19
-2.05
-1.8
-1.63
-1.43
-1.16
-1.04
-0.784
-0.599
-0.307
-0.083
0.1357
0.3831
0.7756
1.047
1.454
1.905
2.216
2.718
3.081
3.675
4
4
4
4
4
4
4
4
4
4
4
4
4
4
3.921
3.936
3.583
3.319
3.022
3.055
3.25
3.465
3.467
3.242
2.994
2.657
2.313
2.12
1.842
1.669
1.381
1.191
0.9275
0.7551
0.5383
0.3843
0.2546
-0.082
-0.096
-0.466
-0.535
-0.793
-0.942
-1.15
-1.28
-1.56
-1.71
-1.99
-2.26
-2.43
-2.66
-2.79
-2.9
-2.96
-3.01
-3.01
-2.98
-2.93
-2.86
-2.75
-2.68
-2.59
-2.48
-2.33
-2.22
-2.05
-1.97
-1.76
-1.6
-1.41
-1.21
-1.05
-0.772
-0.5
-0.209
0.0474
0.4438
0.5959
0.9294
1.214
1.57
2.021
2.311
2.788
3.155
3.688
4
4
4
4
4
4
4
4
4
4
4
4
4
4
4
4
4
4
3.818
3.536
3.294
2.988
2.778
2.473
2.304
2.123
1.977
1.819
1.645
1.508
1.366
1.25
1.094
1.073
0.7922
0.6946
0.5144
0.3596
0.1758
-0.075
-0.264
-0.562
-0.769
-1.18
-1.41
-1.84
-2.07
-2.41
-2.65
-2.93
-3.13
-3.25
-3.32
-3.31
-3.31
-3.3
-3.23
-3.21
-3.09
-2.98
-2.86
-2.71
-2.61
-2.44
-2.32
-2.13
-2.06
-1.81
-1.67
-1.57
-1.37
-1.07
-0.769
-0.385
-0.237
0.0352
0.4377
0.6638
1.093
1.402
1.918
2.3
2.905
3.545
3.949
4
4
4
4
4
4
4
4
4
4
4
4
4
4
4
3.976
3.631
3.097
2.835
2.878
3.012
3.134
3.114
3.007
2.792
2.635
2.387
2.25
1.965
1.779
1.609
1.381
1.217
0.9805
0.8289
0.5837
0.3962
0.1436
-0.122
-0.363
-0.705
-0.879
-1.17
-1.31
-1.58
-1.78
-2
-2.23
-2.42
-2.54
-2.7
-2.8
-2.87
-2.94
-2.96
-2.94
-2.9
-2.8
-2.71
-2.58
-2.47
-2.31
-2.11
-1.99
-1.81
-1.68
-1.54
-1.38
-1.2
-1.04
-0.84
-0.676
-0.44
-0.139
0.1133
0.502
0.7957
1.271
1.623
2.187
2.604
3.169
3.594
4
4
4
4
4
4
4
4
4
4
4
4
4
4
4
4
3.522
3.217
2.986
2.928
2.851
2.83
2.621
2.412
2.262
2.091
1.961
1.799
1.679
1.513
1.414
1.263
1.158
1.002
0.8647
0.7427
0.5732
0.4819
0.3091
0.2324
0.0088
-0.095
-0.286
-0.489
-0.707
-1.07
-1.29
-1.68
-1.92
-2.25
-2.52
-2.82
-2.98
-3.2
-3.25
-3.31
-3.3
-3.24
-3.11
-3
-2.81
-2.7
-2.49
-2.35
-2.11
-1.97
-1.79
-1.61
-1.56
-1.4
-1.29
-1.14
-1.03
-0.801
-0.642
-0.475
0.1038
0.3142
0.7432
0.9988
1.457
1.782
2.314
2.679
3.312
3.7
4
4
4
4
4
4
4
4
4
4
4
4
4
4
4
4
4
3.267
2.854
2.772
3.004
3.111
3.09
2.925
2.76
2.521
2.391
2.192
2.019
1.755
1.527
1.209
0.8765
0.6987
0.4312
0.2676
0.0127
-0.154
-0.468
-0.618
-0.88
-1.06
-1.33
-1.57
-1.78
-2.09
-2.26
-2.56
-2.75
-2.97
-3.13
-3.27
-3.34
-3.36
-3.27
-3.18
-3.01
-2.89
-2.69
-2.55
-2.31
-2.13
-1.9
-1.69
-1.56
-1.32
-1.19
-0.998
-0.902
-0.599
-0.391
-0.069
0.1555
0.5801
0.886
1.375
1.937
2.336
2.96
3.373
4
4
4
4
4
4
4
4
4
4
4
4
4
4
4
4
4
3.936
3.656
3.462
3.302
3.204
3.052
2.968
2.822
2.748
2.645
2.552
2.37
2.166
2.002
1.837
1.692
1.489
1.314
1.084
0.9189
0.6724
0.4104
0.2073
-0.076
-0.253
-0.659
-0.849
-1.3
-1.58
-1.91
-2.14
-2.47
-2.72
-2.86
-3.04
-3.11
-3.16
-3.15
-3.1
-3.02
-2.87
-2.74
-2.56
-2.39
-2.3
-2.08
-1.97
-1.78
-1.67
-1.55
-1.46
-1.4
-1.23
-1.12
-0.933
-0.79
-0.549
-0.36
-0.014
0.2012
0.5894
0.8865
1.333
1.672
2.198
2.773
3.154
3.692
4
4
4
4
4
4
4
4
4
4
4
4
4
4
4
4
4
4
3.951
3.594
3.341
3.062
2.879
2.594
2.42
2.203
2.057
1.843
1.728
1.489
1.293
1.177
0.9907
0.865
0.7043
0.573
0.3342
0.2292
-0.012
-0.177
-0.432
-0.75
-0.925
-1.24
-1.47
-1.77
-1.99
-2.28
-2.46
-2.72
-2.85
-3.04
-3.16
-3.19
-3.15
-3.1
-3.01
-2.93
-2.81
-2.74
-2.56
-2.46
-2.21
-2.01
-1.85
-1.64
-1.53
-1.14
-1.06
-0.752
-0.606
-0.333
-0.139
0.23
0.5725
0.8318
1.245
1.548
2.07
2.456
3.009
3.44
4
4
4
4
4
4
4
4
4
4
4
4
4
4
4
3.926
3.267
3.005
2.899
2.901
2.942
2.888
2.787
2.598
2.522
2.354
2.216
2.041
1.895
1.712
1.58
1.388
1.29
1.105
0.9165
0.7551
0.4885
0.2891
-0.034
-0.242
-0.569
-0.817
-1.1
-1.45
-1.73
-2.11
-2.3
-2.57
-2.7
-2.89
-2.99
-3.08
-3.11
-3.11
-3.07
-2.95
-2.81
-2.71
-2.54
-2.43
-2.26
-2.12
-1.99
-1.84
-1.63
-1.62
-1.32
-1.22
-1.02
-0.817
-0.634
-0.314
-0.102
0.2366
0.5015
0.9382
1.265
1.788
2.36
2.76
3.347
3.752
4
4
4
4
4
4
4
4
4
4
4
4
4
4
4
4
4
3.714
3.386
3.208
2.965
2.826
2.599
2.436
2.224
2.094
1.87
1.704
1.491
1.242
1.064
0.7739
0.5625
0.1858
-0.035
-0.497
-0.8
-1.23
-1.52
-2.03
-2.43
-2.7
-3.04
-3.25
-3.54
-3.72
-3.94
-4
-4
-4
-3.96
-3.79
-3.67
-3.42
-3.24
-2.98
-2.65
-2.31
-2.06
-1.68
-1.28
-0.921
-0.44
-0.082
0.4563
0.8418
1.406
1.834
2.492
2.885
3.583
4
4
4
4
4
4
4
4
4
4
4
4
4
4
4
4
3.998
3.704
3.557
3.422
3.355
3.244
3.112
3.019
2.875
2.771
2.595
2.477
2.266
2.105
1.883
1.724
1.496
1.264
1.098
0.8755
0.7156
0.4963
0.3296
0.1038
-0.038
-0.291
-0.424
-0.67
-0.92
-1.08
-1.33
-1.49
-1.72
-1.86
-2.06
-2.18
-2.31
-2.41
-2.5
-2.55
-2.56
-2.52
-2.46
-2.38
-2.32
-2.21
-2.12
-2
-1.91
-1.79
-1.67
-1.58
-1.51
-1.38
-1.25
-1.12
-0.95
-0.809
-0.596
-0.425
-0.13
0.2278
0.4858
0.8879
1.174
1.622
1.939
2.481
2.833
3.381
3.776
4
4
4
4
4
4
4
4
4
4
4
4
4
4
4
4
3.715
3.448
3.047
2.842
2.552
2.295
2.142
1.911
1.792
1.592
1.463
1.319
1.176
1.021
0.8962
0.6853
0.4771
0.2981
0.0859
-0.049
-0.252
-0.375
-0.564
-0.708
-0.892
-1.01
-1.17
-1.32
-1.41
-1.51
-1.56
-1.62
-1.66
-1.67
-1.68
-1.66
-1.65
-1.57
-1.5
-1.41
-1.22
-1.12
-0.923
-0.794
-0.571
-0.447
-0.233
-0.072
0.0586
0.189
0.2681
0.3391
0.3809
0.488
0.5239
0.5828
0.6414
0.6802
0.7329
0.7949
0.8445
0.906
0.9336
0.9675
1.041
1.09
1.194
1.241
1.323
1.381
1.444
1.555
1.627
1.718
1.781
1.895
1.957
2.039
2.119
2.161
2.255
2.312
2.335
2.336
2.322
2.3
2.223
2.151
2.034
1.953
1.823
1.757
1.639
1.527
1.466
1.358
1.291
1.227
1.185
1.131
1.099
1.046
1.036
1.005
0.9771
0.9636
0.9727
0.9731
0.9849
0.9802
0.9812
0.9839
0.9751
0.9812
0.9758
0.9529
0.9395
0.9299
0.9116
0.8843
0.8467
0.8621
0.8247
0.8345
0.7925
0.7502
0.7334
0.7004
0.6582
0.6479
0.6396
0.6313
0.6125
0.6194
0.6299
0.6294
0.6418
0.6562
0.6665
0.6838
0.717
0.7571
0.7874
0.8291
0.8662
0.8879
0.9229
0.957
0.9878
1.014
1.026
1.05
1.073
1.084
1.098
1.117
1.111
1.132
1.141
1.143
1.147
1.136
1.146
1.141
1.139
1.137
1.135
1.124
1.121
1.121
1.109
1.11
1.104
1.1
1.103
1.106
1.113
1.14
1.154
1.163
1.177
1.185
1.192
1.191
1.182
1.17
1.151
1.122
1.102
1.071
1.024
1.005
0.9722
0.9495
0.916
0.9028
0.8789
0.8611
0.8584
0.8323
0.8347
0.8152
0.8108
0.8025
0.7983
0.8042
0.801
0.8042
0.7974
0.8079
0.8098
0.8154
0.8062
0.8059
0.7966
0.802
0.8074
0.804
0.8149
0.8066
0.8174
0.8135
0.8203
0.8281
0.8379
0.8557
0.8579
0.8538
0.8635
0.8818
0.8704
0.8667
0.8708
0.8689
0.8867
0.9038
0.9036
0.897
0.9155
0.9143
0.9121
0.9175
0.9189
0.9246
0.9177
0.9231
0.9316
0.9304
0.9517
0.9663
0.9617
0.9734
0.9873
0.9944
1.012
0.9973
1.01
1.024
1.022
1.037
1.099
1.034
1.075
1.073
1.076
1.112
1.111
1.116
1.135
1.163
1.185
1.246
1.245
1.253
1.268
1.288
1.307
1.31
1.305
1.308
1.289
1.297
1.285
1.278
1.31
1.343
1.411
1.473
1.524
1.602
1.661
1.714
1.8
1.832
1.87
1.877
1.872
1.864
1.824
1.813
1.753
1.743
1.714
1.704
1.697
1.677
1.671
1.692
1.651
1.692
1.692
1.696
1.689
1.679
1.662
1.637
1.607
1.578
1.546
1.485
1.406
1.373
1.309
1.29
1.216
1.17
1.066
1.002
0.9058
0.8474
0.7339
0.678
0.6252
0.5649
0.5093
0.4121
0.375
0.3123
0.2607
0.3022
0.1208
0.1208
0.0427
-0.05
-0.095
-0.167
-0.32
-0.352
-0.489
-0.573
-0.732
-0.797
-0.912
-1.03
-1.1
-1.21
-1.25
-1.32
-1.34
-1.37
-1.37
-1.35
-1.31
-1.24
-1.14
-1.08
-0.974
-0.912
-0.799
-0.731
-0.634
-0.544
-0.474
-0.407
-0.317
-0.279
-0.194
-0.05
0.0239
0.2366
0.2847
0.4897
0.5835
0.7485
0.9531
1.073
1.315
1.479
1.733
1.933
2.19
2.393
2.695
2.887
3.177
3.422
3.593
3.781
3.885
4
4
4
4
3.937
4
3.89
3.631
3.516
3.395
3.344
3.263
3.063
2.873
2.717
2.558
2.496
2.455
2.415
2.41
2.334
2.289
2.19
2.179
2.094
2.065
2.022
1.984
1.923
1.847
1.816
1.739
1.666
1.587
1.481
1.391
1.331
1.214
1.139
1.017
0.8999
0.8164
0.7095
0.6343
0.5095
0.439
0.3723
0.2009
0.0996
0.0178
-0.08
-0.193
-0.274
-0.355
-0.41
-0.468
-0.491
-0.556
-0.576
-0.605
-0.585
-0.596
-0.597
-0.604
-0.628
-0.643
-0.654
-0.664
-0.678
-0.686
-0.696
-0.722
-0.725
-0.755
-0.74
-0.76
-0.752
-0.755
-0.739
-0.733
-0.731
-0.742
-0.703
-0.745
-0.682
-0.674
-0.628
-0.596
-0.569
-0.564
-0.47
-0.476
-0.324
-0.294
-0.269
-0.17
-0.133
-0.105
-0.067
0.0767
0.1453
0.2935
0.4138
0.5842
0.8196
0.9399
1.17
1.348
1.66
1.879
2.221
2.46
2.807
3.011
3.329
3.599
3.735
3.938
4
4
4
4
3.318
3.413
3.896
4
4
3.865
3.301
2.855
2.478
2.332
2.051
1.965
1.863
1.825
1.863
1.994
2.113
2.35
2.497
2.665
2.73
2.756
2.671
2.596
2.478
2.418
2.284
2.195
2.043
1.943
1.793
1.687
1.509
1.4
1.229
1.049
0.968
0.8369
0.7717
0.6646
0.6147
0.5388
0.4854
0.4114
0.3711
0.3049
0.2244
0.1814
0.1052
0.0576
-0.072
-0.089
-0.194
-0.247
-0.385
-0.415
-0.513
-0.565
-0.6
-0.631
-0.726
-0.723
-0.747
-0.82
-0.749
-0.791
-0.791
-0.758
-0.781
-0.792
-0.787
-0.816
-0.818
-0.816
-0.812
-0.837
-0.808
-0.815
-0.811
-0.79
-0.799
-0.733
-0.739
-0.685
-0.614
-0.625
-0.561
-0.441
-0.439
-0.41
-0.303
-0.275
-0.247
-0.207
-0.116
-0.059
0.0295
0.1335
0.3125
0.4512
0.7004
0.9861
1.195
1.537
1.751
2.139
2.391
2.743
3.003
3.323
3.65
3.841
4
4
4
4
4
4
3.909
3.753
3.502
3.286
3.142
2.981
2.885
2.74
2.689
2.586
2.54
2.46
2.418
2.357
2.305
2.271
2.247
2.239
2.236
2.215
2.191
2.175
2.132
2.106
2.058
2.039
1.999
1.898
1.9
1.799
1.747
1.655
1.568
1.456
1.38
1.263
1.153
1.075
0.9827
0.9084
0.8044
0.7305
0.6165
0.6484
0.3386
0.353
0.1663
-0.034
-0.164
-0.344
-0.466
-0.586
-0.659
-0.728
-0.791
-0.793
-0.817
-0.807
-0.782
-0.759
-0.717
-0.687
-0.633
-0.6
-0.57
-0.559
-0.551
-0.55
-0.55
-0.548
-0.552
-0.556
-0.56
-0.562
-0.562
-0.57
-0.603
-0.613
-0.626
-0.656
-0.621
-0.688
-0.677
-0.685
-0.656
-0.64
-0.674
-0.513
-0.54
-0.461
-0.331
-0.239
-0.157
-0.012
0.0979
0.2957
0.4255
0.6636
0.8308
1.124
1.345
1.72
2.148
2.382
2.835
3.103
3.505
3.759
4
4
4
4
4
4
4
4
3.946
3.673
3.506
3.195
3.027
2.743
2.599
2.388
2.244
2.179
2.099
2.045
2.017
2.013
2.005
2.01
2.009
2.017
2.03
2.027
2.021
2.003
2.009
1.958
1.886
1.853
1.792
1.717
1.669
1.566
1.516
1.428
1.353
1.283
1.178
1.125
1.014
0.9463
0.8306
0.772
0.6375
0.5195
0.4526
0.3179
0.2446
0.1021
0.0264
-0.087
-0.157
-0.248
-0.293
-0.358
-0.433
-0.48
-0.551
-0.594
-0.646
-0.694
-0.748
-0.791
-0.829
-0.864
-0.914
-0.964
-1.01
-1.06
-1.1
-1.13
-1.16
-1.19
-1.19
-1.19
-1.16
-1.12
-1.07
-1.03
-0.948
-0.895
-0.789
-0.781
-0.703
-0.655
-0.561
-0.54
-0.431
-0.351
-0.239
-0.128
-0.071
0.0854
0.1978
0.3896
0.5579
0.8293
1.065
1.439
1.864
2.173
2.643
2.961
3.404
3.748
4
4
4
4
4
4
4
4
4
4
4
3.299
2.741
2.339
1.532
1.442
1.239
1.429
1.67
1.717
1.877
1.87
2.114
2.295
2.354
2.36
2.323
2.153
2.119
1.977
1.868
1.771
1.695
1.599
1.521
1.383
1.271
1.181
1.058
0.9792
0.8853
0.8303
0.7339
0.6841
0.5974
0.5356
0.4607
0.3721
0.2998
0.2156
0.1345
0.0605
0.03
-0.133
-0.198
-0.289
-0.36
-0.458
-0.533
-0.608
-0.699
-0.74
-0.839
-0.863
-0.924
-0.948
-0.972
-0.974
-0.982
-1.01
-1.04
-1.04
-1.06
-1.08
-1.08
-1.1
-1.08
-1.05
-1.06
-0.997
-1
-0.919
-0.896
-0.852
-0.686
-0.763
-0.662
-0.634
-0.542
-0.493
-0.386
-0.338
-0.303
-0.202
-0.129
0.0254
0.176
0.3918
0.5776
0.8694
1.099
1.469
1.822
2.086
2.51
2.878
3.303
3.638
4
4
4
4
3.719
4
4
4
4
3.777
3.676
3.287
2.723
2.223
1.819
1.569
1.458
1.728
1.792
1.851
1.979
2.013
2.307
2.42
2.5
2.479
2.402
2.305
2.248
2.188
2.107
2.052
1.972
1.874
1.77
1.614
1.514
1.368
1.233
1.134
0.9871
0.8875
0.7629
0.6865
0.562
0.4863
0.3481
0.3223
0.2065
0.1548
0.0122
-0.08
-0.239
-0.27
-0.461
-0.528
-0.628
-0.723
-0.794
-0.845
-0.94
-0.953
-0.999
-1.04
-1.06
-1.08
-1.1
-1.11
-1.08
-1.09
-1.07
-1.06
-1.05
-1.06
-1.05
-1.03
-1.05
-1.05
-1.02
-1.01
-1.01
-0.896
-0.936
-0.931
-0.824
-0.802
-0.708
-0.657
-0.627
-0.562
-0.492
-0.403
-0.283
-0.1
0.0422
0.2585
0.4209
0.6826
0.8701
1.15
1.416
1.789
2.011
2.391
2.794
3.016
3.404
3.643
3.993
4
4
4
4
4
4
4
4
4
4
3.704
3.477
3.154
2.966
2.692
2.546
2.354
2.211
2.141
2.055
2.024
2.006
2.018
2.045
2.072
2.125
2.156
2.203
2.255
2.265
2.26
2.239
2.176
2.145
2.052
1.953
1.819
1.691
1.503
1.29
1.167
1.006
0.8872
0.7336
0.6272
0.4778
0.4131
0.2871
0.1133
-0.002
-0.144
-0.258
-0.411
-0.524
-0.694
-0.78
-0.927
-1.01
-1.13
-1.18
-1.27
-1.34
-1.38
-1.38
-1.39
-1.39
-1.37
-1.36
-1.36
-1.36
-1.36
-1.35
-1.34
-1.33
-1.29
-1.27
-1.21
-1.15
-1.11
-1.03
-0.996
-0.991
-0.904
-0.862
-0.81
-0.701
-0.667
-0.557
-0.497
-0.407
-0.331
-0.226
-0.153
0.0032
0.2253
0.363
0.6521
0.8787
1.241
1.515
1.993
2.303
2.854
3.189
3.727
4
4
4
4
4
4
4
4
4
4
4
4
3.82
3.469
3.268
3.014
2.774
2.508
2.368
2.205
2.139
2.087
2.086
2.067
2.045
2.089
2.067
2.05
2.025
1.992
1.96
1.932
1.866
1.834
1.754
1.685
1.636
1.535
1.489
1.385
1.316
1.173
1.09
0.9568
0.8093
0.6938
0.5312
0.4104
0.2449
0.1184
-0.058
-0.171
-0.395
-0.524
-0.71
-0.889
-0.906
-1.17
-1.2
-1.37
-1.44
-1.55
-1.58
-1.6
-1.62
-1.59
-1.56
-1.53
-1.48
-1.43
-1.33
-1.27
-1.15
-1.08
-0.97
-0.891
-0.796
-0.731
-0.708
-0.673
-0.6
-0.625
-0.575
-0.591
-0.462
-0.458
-0.41
-0.331
-0.241
-0.158
-0.01
0.1047
0.2981
0.4753
0.769
0.9617
1.3
1.664
1.959
2.427
2.707
3.149
3.439
3.889
4
4
4
4
4
4
4
4
4
4
4
3.983
3.703
3.5
3.285
3.065
2.942
2.751
2.631
2.509
2.417
2.349
2.288
2.231
2.174
2.109
2.005
1.984
1.868
1.81
1.696
1.639
1.526
1.435
1.312
1.232
1.099
0.9897
0.8972
0.7615
0.6731
0.5359
0.4338
0.3635
0.1545
0.0303
-0.062
-0.212
-0.46
-0.592
-0.758
-0.872
-1.02
-1.15
-1.24
-1.33
-1.36
-1.44
-1.46
-1.47
-1.48
-1.47
-1.47
-1.46
-1.44
-1.43
-1.4
-1.36
-1.28
-1.24
-1.16
-1.12
-1.06
-0.987
-0.92
-0.898
-0.747
-0.716
-0.683
-0.567
-0.487
-0.418
-0.349
-0.282
-0.224
-0.151
-0.062
0.0669
0.1685
0.363
0.6165
0.7903
1.109
1.342
1.719
2.033
2.5
2.858
3.351
3.688
4
4
4
4
4
4
4
4
4
4
4
4
4
3.927
3.318
2.977
2.582
2.414
2.366
2.379
2.406
2.418
2.439
2.382
2.365
2.281
2.245
2.137
2.066
1.926
1.896
1.751
1.679
1.564
1.437
1.361
1.234
1.132
0.9807
0.8708
0.7356
0.645
0.4976
0.3926
0.3428
0.0913
0.0034
-0.191
-0.283
-0.437
-0.699
-0.814
-0.991
-1.17
-1.32
-1.46
-1.62
-1.73
-1.81
-1.84
-1.85
-1.83
-1.81
-1.77
-1.68
-1.62
-1.51
-1.4
-1.33
-1.21
-1.14
-1.05
-1.01
-0.9
-0.844
-0.789
-0.727
-0.675
-0.603
-0.635
-0.432
-0.483
-0.365
-0.331
-0.229
-0.14
-0.025
0.0613
0.2173
0.4065
0.5471
0.7883
0.959
1.283
1.506
1.891
2.17
2.618
3.13
3.469
3.956
4
4
4
4
4
4
4
4
4
4
4
4
3.806
3.619
3.328
3.152
2.879
2.73
2.544
2.398
2.286
2.164
2.09
2.034
1.962
1.897
1.819
1.779
1.716
1.677
1.57
1.528
1.477
1.432
1.354
1.304
1.209
1.143
1.048
0.9731
0.8618
0.7576
0.6665
0.5386
0.4519
0.2957
0.188
-0.003
-0.126
-0.333
-0.477
-0.681
-0.875
-1.02
-1.22
-1.36
-1.54
-1.65
-1.76
-1.81
-1.86
-1.88
-1.87
-1.84
-1.81
-1.71
-1.65
-1.56
-1.48
-1.37
-1.31
-1.21
-1.06
-0.975
-0.847
-0.737
-0.643
-0.59
-0.516
-0.442
-0.333
-0.253
-0.114
-0.006
0.1692
0.3972
0.5557
0.8857
1.084
1.174
1.465
2.24
2.63
2.823
3.004
3.056
3.422
3.895
4
4
4
4
4
4
4
4
4
4
3.851
3.586
3.428
3.195
3.078
2.884
2.757
2.595
2.447
2.375
2.259
2.211
2.163
2.109
2.016
2.01
1.912
1.862
1.778
1.686
1.658
1.545
1.489
1.374
1.313
1.212
1.134
1.032
0.9404
0.8279
0.6853
0.6101
0.5681
0.3921
0.3232
0.2224
0.0957
-0.002
-0.123
-0.218
-0.397
-0.563
-0.663
-0.842
-0.98
-1.16
-1.29
-1.39
-1.52
-1.6
-1.7
-1.73
-1.8
-1.79
-1.78
-1.74
-1.65
-1.61
-1.52
-1.44
-1.33
-1.25
-1.12
-1
-0.908
-0.793
-0.739
-0.646
-0.588
-0.513
-0.441
-0.365
-0.337
-0.214
-0.097
-0.015
0.1343
0.2517
0.4075
0.5518
0.7537
0.915
1.14
1.291
1.571
1.904
2.136
2.496
2.756
3.126
3.329
3.732
3.995
4
4
4
4
4
4
4
4
4
4
4
3.911
3.755
3.659
3.558
3.491
3.365
3.327
3.14
3.06
2.935
2.89
2.788
2.66
2.602
2.466
2.376
2.251
2.152
2.001
1.92
1.793
1.71
1.594
1.474
1.402
1.276
1.2
1.043
0.959
0.7708
0.6653
0.4421
0.3025
0.1641
-0.11
-0.208
-0.435
-0.575
-0.762
-0.915
-1.11
-1.2
-1.38
-1.47
-1.63
-1.72
-1.75
-1.77
-1.77
-1.72
-1.67
-1.63
-1.55
-1.49
-1.49
-1.43
-1.41
-1.4
-1.38
-1.35
-1.32
-1.29
-1.29
-1.23
-1.22
-1.21
-1.22
-1.08
-1.11
-1.03
-0.996
-0.829
-0.893
-0.603
-0.552
-0.333
-0.203
-0.01
0.2974
0.4785
0.7981
1.039
1.38
1.631
2.047
2.334
2.79
3.305
3.633
4
4
4
4
4
4
4
4
4
4
4
4
4
3.754
3.519
3.22
3.012
2.745
2.59
2.395
2.269
2.183
2.127
2.096
2.045
2.021
1.996
1.98
1.904
1.867
1.799
1.671
1.628
1.503
1.467
1.35
1.281
1.18
1.051
1.021
0.9197
0.8752
0.6538
0.645
0.6855
0.4006
0.3232
0.1968
0.0281
-0.062
-0.245
-0.371
-0.55
-0.74
-0.876
-1.05
-1.2
-1.38
-1.48
-1.64
-1.72
-1.82
-1.87
-1.89
-1.89
-1.87
-1.83
-1.78
-1.72
-1.67
-1.56
-1.46
-1.32
-1.16
-1.06
-1.01
-0.783
-0.742
-0.706
-0.575
-0.516
-0.346
-0.238
-0.114
0.1702
0.3357
0.6406
0.8408
1.147
1.406
1.766
2.045
2.428
2.767
3.238
3.678
3.96
4
4
4
4
4
4
4
4
4
4
4
4
4
3.755
3.58
3.265
3.078
2.819
2.705
2.501
2.339
2.24
2.106
2.034
1.851
1.75
1.719
1.665
1.588
1.517
1.389
1.299
1.233
1.12
1.069
0.9534
0.8826
0.7576
0.7161
0.5637
0.52
0.3447
0.1882
0.0562
-0.107
-0.239
-0.429
-0.543
-0.719
-0.831
-1
-1.09
-1.22
-1.32
-1.38
-1.43
-1.46
-1.49
-1.5
-1.52
-1.53
-1.51
-1.49
-1.45
-1.43
-1.39
-1.34
-1.33
-1.23
-1.2
-1.15
-1.08
-1.04
-0.946
-0.88
-0.809
-0.735
-0.598
-0.562
-0.427
-0.398
-0.114
0.001
0.2527
0.4929
0.6946
1.052
1.304
1.706
1.993
2.47
2.791
3.298
3.652
4
4
4
4
4
4
4
4
4
4
4
4
4
3.79
3.495
3.301
3.037
2.877
2.655
2.554
2.426
2.323
2.296
2.231
2.215
2.171
2.142
2.125
2.093
2.067
2.008
1.953
1.847
1.771
1.619
1.517
1.348
1.193
1.012
0.8838
0.7766
0.5806
0.437
0.2922
0.1951
0.0774
-0.042
-0.197
-0.269
-0.443
-0.558
-0.743
-0.89
-1.11
-1.33
-1.49
-1.69
-1.81
-1.94
-2.02
-2.06
-2.06
-2.04
-1.98
-1.89
-1.81
-1.76
-1.68
-1.63
-1.54
-1.46
-1.35
-1.27
-1.19
-1.11
-1.05
-0.974
-0.928
-0.827
-0.748
-0.613
-0.444
-0.269
-0.09
0.1528
0.3564
0.7263
1.009
1.238
1.555
1.83
2.251
2.573
3.056
3.392
3.833
4
4
4
4
4
4
4
4
4
4
4
4
4
3.852
3.684
3.461
3.329
3.156
3.026
2.865
2.783
2.638
2.54
2.428
2.328
2.276
2.158
2.1
1.992
1.878
1.791
1.717
1.548
1.459
1.281
1.183
1.058
0.9067
0.8088
0.6689
0.5676
0.4319
0.3364
0.2141
0.115
-0.007
-0.139
-0.248
-0.382
-0.488
-0.656
-0.761
-0.946
-1.07
-1.25
-1.37
-1.52
-1.66
-1.74
-1.84
-1.89
-1.94
-1.95
-1.96
-1.94
-1.89
-1.87
-1.78
-1.69
-1.59
-1.45
-1.39
-1.27
-1.2
-1.13
-1.07
-0.951
-0.926
-0.811
-0.703
-0.619
-0.459
-0.326
-0.175
0.1233
0.3306
0.5581
0.8391
1.167
1.393
1.708
1.919
2.243
2.464
2.808
3.055
3.357
3.529
3.798
4
4
4
4
4
4
4
4
3.927
3.841
3.69
3.588
3.514
3.469
3.418
3.386
3.355
3.278
3.241
3.154
3.113
3.042
2.965
2.899
2.772
2.685
2.529
2.418
2.255
2.129
1.98
1.826
1.661
1.46
1.376
1.189
1.073
0.9492
0.8474
0.7046
0.6118
0.4604
0.3689
0.2158
0.0605
-0.036
-0.197
-0.298
-0.453
-0.551
-0.696
-0.794
-0.964
-1.05
-1.15
-1.26
-1.3
-1.41
-1.42
-1.53
-1.57
-1.62
-1.65
-1.66
-1.65
-1.65
-1.62
-1.61
-1.56
-1.53
-1.45
-1.42
-1.33
-1.28
-1.21
-1.11
-1.09
-0.962
-0.962
-0.825
-0.776
-0.663
-0.577
-0.427
-0.302
-0.115
0.0576
0.21
0.4504
0.6272
0.9541
1.166
1.543
1.793
2.233
2.497
2.902
3.33
3.545
3.975
4
4
4
4
4
4
4
4
4
4
4
4
4
3.87
3.346
3.076
2.74
2.588
2.545
2.767
2.865
2.907
2.834
2.667
2.557
2.369
2.237
2.071
1.877
1.759
1.582
1.472
1.308
1.195
1.021
0.9199
0.76
0.6643
0.5029
0.366
0.2981
0.1628
0.1023
-0.005
-0.083
-0.195
-0.262
-0.368
-0.483
-0.594
-0.727
-0.813
-0.938
-1.05
-1.18
-1.25
-1.36
-1.38
-1.49
-1.51
-1.55
-1.6
-1.62
-1.64
-1.66
-1.68
-1.69
-1.7
-1.7
-1.68
-1.67
-1.63
-1.57
-1.49
-1.4
-1.33
-1.22
-1.06
-0.99
-0.876
-0.761
-0.669
-0.461
-0.321
-0.226
-0.003
0.0918
0.3003
0.4783
0.6753
0.8662
1.133
1.3
1.617
1.958
2.175
2.573
2.799
3.184
3.39
3.793
3.978
4
4
4
4
4
4
4
4
4
4
4
4
4
4
3.688
3.478
3.268
3.179
3.106
3.016
2.893
2.794
2.647
2.514
2.411
2.248
2.155
1.996
1.933
1.807
1.733
1.667
1.589
1.513
1.401
1.334
1.248
1.167
1.059
0.96
0.8193
0.7314
0.5938
0.5188
0.3745
0.2173
0.1184
-0.071
-0.193
-0.383
-0.495
-0.67
-0.761
-0.94
-1.02
-1.21
-1.33
-1.41
-1.53
-1.59
-1.68
-1.71
-1.74
-1.76
-1.77
-1.78
-1.75
-1.75
-1.74
-1.71
-1.7
-1.66
-1.64
-1.61
-1.55
-1.47
-1.39
-1.35
-1.19
-1.17
-1.07
-1.03
-0.939
-0.795
-0.789
-0.606
-0.44
-0.302
-0.154
0.0615
0.2268
0.51
0.7148
1.031
1.273
1.609
1.846
2.214
2.585
2.841
3.228
3.458
3.841
4
4
4
4
4
4
4
4
4
4
4
4
3.966
3.852
3.712
3.603
3.495
3.377
3.31
3.209
3.112
3.008
2.922
2.8
2.708
2.566
2.435
2.321
2.171
2.065
1.897
1.809
1.656
1.551
1.416
1.302
1.18
1.023
0.9639
0.8506
0.7622
0.6228
0.5476
0.4077
0.3196
0.1814
0.0808
-0.071
-0.241
-0.38
-0.577
-0.729
-0.939
-1.07
-1.29
-1.43
-1.58
-1.68
-1.79
-1.88
-1.93
-1.97
-2
-2
-1.97
-1.91
-1.86
-1.78
-1.71
-1.62
-1.47
-1.44
-1.32
-1.24
-1.13
-1.07
-0.948
-0.886
-0.759
-0.689
-0.609
-0.461
-0.397
-0.257
-0.167
-0.029
0.0862
0.269
0.4192
0.6819
0.8928
1.256
1.6
1.897
2.28
2.57
2.951
3.278
3.621
3.856
4
4
4
4
4
3.267
3.929
4
4
4
4
3.609
3.495
3.463
3.693
3.396
3.108
3.038
2.99
2.841
2.813
2.841
2.725
2.711
2.621
2.479
2.364
2.233
2.194
2.068
2.018
1.868
1.791
1.62
1.478
1.37
1.206
1.107
0.926
0.8184
0.6362
0.5513
0.3872
0.2854
0.137
0.002
-0.084
-0.201
-0.281
-0.404
-0.482
-0.616
-0.698
-0.843
-0.915
-1.05
-1.16
-1.23
-1.35
-1.41
-1.52
-1.56
-1.63
-1.67
-1.71
-1.72
-1.73
-1.73
-1.72
-1.67
-1.64
-1.56
-1.49
-1.43
-1.35
-1.26
-1.19
-1.06
-0.969
-0.883
-0.742
-0.642
-0.462
-0.342
-0.199
-0.115
0.0464
0.2102
0.3193
0.5168
0.646
0.9194
1.102
1.445
1.688
2.079
2.365
2.809
3.238
3.502
3.903
4
4
4
4
4
4
4
3.896
4
4
4
4
4
4
3.709
3.482
3.249
3.143
2.977
2.804
2.683
2.52
2.435
2.328
2.256
2.176
2.106
1.976
1.969
1.818
1.729
1.646
1.532
1.453
1.326
1.227
1.099
1.01
0.8582
0.76
0.5835
0.4126
0.2937
0.104
-0.031
-0.207
-0.333
-0.517
-0.617
-0.809
-0.898
-1.05
-1.18
-1.23
-1.35
-1.44
-1.5
-1.58
-1.59
-1.62
-1.63
-1.62
-1.63
-1.61
-1.59
-1.57
-1.54
-1.5
-1.49
-1.44
-1.4
-1.36
-1.35
-1.28
-1.24
-1.14
-1.09
-1.03
-0.959
-0.87
-0.742
-0.621
-0.516
-0.419
-0.257
-0.057
0.0818
0.3032
0.4663
0.7566
0.9541
1.3
1.559
1.934
2.202
2.606
3.029
3.283
3.648
3.936
4
4
4
4
4
3.608
4
3.471
4
4
4
3.851
3.557
3.305
3.781
3.6
3.704
3.351
3.073
2.979
2.857
2.809
2.798
2.737
2.58
2.466
2.283
2.144
2.057
1.908
1.821
1.689
1.621
1.469
1.395
1.266
1.173
1.056
0.9275
0.8315
0.7139
0.6267
0.4985
0.4094
0.269
0.1746
0.0269
-0.048
-0.192
-0.338
-0.426
-0.56
-0.649
-0.769
-0.845
-0.983
-1.05
-1.15
-1.22
-1.29
-1.38
-1.42
-1.48
-1.49
-1.52
-1.52
-1.5
-1.49
-1.45
-1.42
-1.37
-1.31
-1.28
-1.21
-1.16
-1.05
-0.982
-0.856
-0.799
-0.682
-0.571
-0.471
-0.355
-0.291
-0.175
-0.103
0.0076
0.0781
0.1973
0.2744
0.4106
0.5386
0.7207
0.9553
1.117
1.377
1.59
1.905
2.155
2.492
2.755
3.113
3.345
3.737
4
4
4
4
4
4
4
4
4
4
4
4
4
3.911
3.64
3.341
3.125
2.905
2.708
2.483
2.314
2.099
1.876
1.801
1.632
1.53
1.453
1.37
1.292
1.228
1.16
1.121
1.073
1.044
0.9873
0.9268
0.8835
0.8179
0.7266
0.6362
0.5642
0.4517
0.3711
0.2566
0.113
0.0271
-0.111
-0.217
-0.354
-0.453
-0.581
-0.676
-0.805
-0.892
-1
-1.09
-1.15
-1.22
-1.25
-1.31
-1.35
-1.36
-1.36
-1.36
-1.36
-1.35
-1.35
-1.33
-1.31
-1.28
-1.24
-1.19
-1.11
-1.06
-1.09
-0.829
-0.783
-0.655
-0.571
-0.458
-0.35
-0.21
-0.106
0.0806
0.2161
0.4314
0.6567
0.8252
1.112
1.264
1.581
1.776
2.12
2.326
2.69
2.897
3.28
3.617
3.789
4
4
4
4
4
4
4
4
3.872
4
4
4
4
3.924
3.772
3.542
3.442
3.21
3.073
2.878
2.612
2.484
2.266
2.153
2.012
1.858
1.73
1.612
1.492
1.407
1.301
1.203
1.131
1.058
1.003
0.9106
0.8582
0.7637
0.696
0.5952
0.5232
0.397
0.2595
0.1501
0.0242
-0.083
-0.214
-0.352
-0.484
-0.609
-0.736
-0.838
-0.967
-1.08
-1.15
-1.23
-1.32
-1.38
-1.41
-1.44
-1.46
-1.48
-1.49
-1.49
-1.48
-1.46
-1.43
-1.4
-1.35
-1.33
-1.28
-1.22
-1.22
-1.08
-1.08
-0.95
-0.932
-0.845
-0.773
-0.657
-0.581
-0.46
-0.359
-0.204
-0.097
0.0767
0.2686
0.408
0.6279
0.7969
1.084
1.272
1.609
1.799
2.14
2.363
2.765
3.149
3.391
3.738
3.949
4
4
4
4
4
4
4
4
4
3.878
4
4
4
4
3.911
3.615
3.405
3.289
3.119
2.974
2.804
2.663
2.462
2.321
2.15
2.042
1.868
1.66
1.523
1.333
1.237
1.094
1.012
0.8591
0.759
0.6472
0.5701
0.4421
0.301
0.1978
0.0559
-0.041
-0.203
-0.319
-0.473
-0.57
-0.708
-0.794
-0.914
-1.02
-1.09
-1.18
-1.23
-1.3
-1.35
-1.4
-1.41
-1.45
-1.48
-1.48
-1.51
-1.5
-1.49
-1.47
-1.42
-1.4
-1.35
-1.3
-1.23
-1.15
-1.1
-1.01
-0.947
-0.833
-0.821
-0.614
-0.577
-0.425
-0.343
-0.22
-0.07
0.0151
0.1724
0.2805
0.4597
0.604
0.8308
0.9951
1.259
1.459
1.756
2.089
2.322
2.682
2.905
3.264
3.512
3.865
4
4
4
4
3.279
4
4
3.911
4
4
4
4
4
4
3.949
3.648
3.409
3.117
2.976
2.764
2.647
2.423
2.269
2.109
1.999
1.847
1.753
1.654
1.559
1.48
1.337
1.262
1.149
1.069
0.9602
0.8813
0.7781
0.6765
0.5913
0.4709
0.3726
0.2412
0.1245
-0.009
-0.121
-0.282
-0.381
-0.535
-0.681
-0.776
-0.941
-0.973
-1.06
-1.13
-1.17
-1.25
-1.24
-1.29
-1.29
-1.33
-1.33
-1.34
-1.33
-1.33
-1.32
-1.32
-1.29
-1.26
-1.23
-1.18
-1.12
-1.05
-0.973
-0.92
-0.814
-0.749
-0.622
-0.572
-0.46
-0.356
-0.274
-0.105
-0.03
0.0962
0.2068
0.3777
0.5068
0.7297
0.8916
1.146
1.418
1.631
1.948
2.168
2.53
2.754
3.138
3.387
3.699
3.916
4
4
4
4
4
4
4
4
4
4
3.971
3.759
3.553
3.412
3.198
3.062
2.885
2.764
2.59
2.494
2.357
2.27
2.127
1.962
1.862
1.717
1.646
1.486
1.414
1.29
1.208
1.069
0.9829
0.8484
0.7061
0.6282
0.5049
0.4224
0.2783
0.187
0.0554
-0.029
-0.16
-0.251
-0.366
-0.48
-0.544
-0.67
-0.745
-0.842
-0.893
-0.971
-1.01
-1.07
-1.1
-1.12
-1.16
-1.18
-1.2
-1.22
-1.22
-1.21
-1.2
-1.19
-1.16
-1.14
-1.1
-1.03
-1
-0.933
-0.91
-0.838
-0.797
-0.711
-0.697
-0.494
-0.432
-0.341
-0.225
-0.179
0.0129
0.0913
0.2488
0.3608
0.5515
0.6829
0.8826
1.119
1.313
1.594
1.815
2.123
2.362
2.705
2.944
3.255
3.499
3.817
4
4
4
4
4
4
3.863
4
3.844
3.821
4
4
4
3.768
3.514
3.266
3.144
2.996
2.924
2.729
2.616
2.413
2.268
2.141
2.036
1.926
1.797
1.686
1.562
1.485
1.377
1.311
1.182
1.053
0.9722
0.8521
0.7766
0.6587
0.5706
0.4285
0.3416
0.1995
0.0928
-0.055
-0.211
-0.296
-0.463
-0.563
-0.714
-0.815
-0.952
-1.03
-1.15
-1.21
-1.29
-1.4
-1.43
-1.52
-1.54
-1.58
-1.6
-1.61
-1.6
-1.57
-1.54
-1.5
-1.46
-1.41
-1.34
-1.28
-1.18
-1.14
-1.05
-0.979
-0.9
-0.755
-0.687
-0.576
-0.48
-0.355
-0.255
-0.097
0.0115
0.1938
0.3142
0.5378
0.7515
0.9224
1.184
1.375
1.712
1.955
2.319
2.574
2.943
3.193
3.554
3.948
4
4
4
4
4
4
4
3.866
4
4
4
3.95
4
4
3.859
3.719
3.393
3.21
3.029
2.927
2.76
2.567
2.416
2.265
2.17
2.023
1.943
1.805
1.731
1.588
1.495
1.385
1.246
1.177
1.044
0.9543
0.821
0.7305
0.5911
0.4983
0.353
0.2537
0.0864
-0.105
-0.217
-0.451
-0.532
-0.753
-0.877
-1.06
-1.18
-1.34
-1.44
-1.58
-1.68
-1.74
-1.82
-1.83
-1.84
-1.84
-1.79
-1.76
-1.68
-1.65
-1.56
-1.47
-1.39
-1.28
-1.21
-1.08
-0.989
-0.865
-0.786
-0.669
-0.664
-0.546
-0.464
-0.413
-0.298
-0.23
-0.116
-0.018
0.1082
0.1995
0.3972
0.5398
0.7642
1.038
1.237
1.539
1.774
2.12
2.362
2.755
3.026
3.351
3.656
3.833
4
4
4
4
3.309
4
4
3.328
3.791
3.801
3.848
3.32
3.24
3.437
3.424
3.308
3.279
3.025
2.879
2.67
2.507
2.419
2.32
2.184
2.084
1.985
1.848
1.755
1.615
1.51
1.395
1.247
1.165
1.023
0.9307
0.8198
0.7117
0.5964
0.52
0.4045
0.3245
0.2114
0.0901
0.002
-0.144
-0.236
-0.412
-0.527
-0.71
-0.831
-0.982
-1.13
-1.23
-1.35
-1.43
-1.51
-1.57
-1.65
-1.68
-1.71
-1.72
-1.66
-1.62
-1.57
-1.47
-1.41
-1.29
-1.2
-1.09
-0.953
-0.829
-0.728
-0.598
-0.466
-0.346
-0.203
-0.104
0.084
0.2283
0.4678
0.645
0.929
1.169
1.51
1.895
2.166
2.637
3.014
3.451
3.792
4
3.255
4
4
3.607
4
4
4
4
4
4
4
3.995
3.466
3.124
2.594
2.464
2.396
2.245
2.299
2.281
2.215
2.031
1.961
1.847
1.786
1.712
1.616
1.523
1.395
1.305
1.208
1.095
0.9507
0.8435
0.679
0.5291
0.4041
0.2612
0.1179
-0.078
-0.203
-0.386
-0.529
-0.713
-0.837
-1.03
-1.21
-1.32
-1.49
-1.58
-1.71
-1.77
-1.83
-1.86
-1.88
-1.88
-1.86
-1.83
-1.8
-1.75
-1.71
-1.65
-1.59
-1.56
-1.39
-1.34
-1.28
-1.19
-1.06
-0.985
-0.836
-0.763
-0.635
-0.532
-0.369
-0.223
-0.057
0.1677
0.3337
0.6057
0.77
1.1
1.294
1.613
1.844
2.245
2.532
2.977
3.37
3.539
3.957
4
4
4
4
4
4
4
4
4
4
4
4
3.894
3.568
3.113
2.852
2.547
2.435
2.371
2.332
2.291
2.308
2.255
2.165
2.094
2.042
1.98
1.906
1.79
1.701
1.584
1.465
1.372
1.26
1.119
1.005
0.8301
0.7092
0.551
0.377
0.2527
0.0586
-0.078
-0.29
-0.434
-0.653
-0.813
-1.03
-1.18
-1.38
-1.56
-1.67
-1.82
-1.9
-1.99
-2.01
-2.04
-2.03
-2
-1.94
-1.92
-1.8
-1.68
-1.6
-1.5
-1.34
-1.26
-1.09
-1.02
-0.896
-0.797
-0.702
-0.522
-0.416
-0.21
-0.036
0.2854
0.533
0.9482
1.262
1.716
2.212
2.566
3.06
3.402
3.895
4
4
4
4
4
4
4
4
4
4
4
4
4
3.989
3.688
3.492
3.213
2.989
2.876
2.752
2.652
2.567
2.477
2.345
2.278
2.111
2.025
1.866
1.721
1.601
1.409
1.266
1.057
0.9011
0.6709
0.5122
0.2527
-0.006
-0.185
-0.427
-0.6
-0.857
-1.01
-1.24
-1.39
-1.61
-1.76
-1.96
-2.13
-2.25
-2.39
-2.47
-2.56
-2.59
-2.59
-2.56
-2.48
-2.41
-2.3
-2.15
-2.05
-1.9
-1.8
-1.64
-1.58
-1.33
-1.24
-1.08
-0.976
-0.788
-0.586
-0.418
-0.155
0.0569
0.3914
0.6531
1.072
1.363
1.859
2.18
2.726
3.271
3.626
4
4
4
4
4
4
4
4
4
4
4
4
4
4
4
4
3.834
3.47
3.25
2.917
2.682
2.529
2.33
2.18
1.998
1.862
1.657
1.542
1.377
1.224
1.041
0.7803
0.625
0.3916
0.2229
-0.037
-0.194
-0.485
-0.67
-0.959
-1.25
-1.4
-1.62
-1.75
-1.89
-1.97
-2.06
-2.11
-2.16
-2.2
-2.19
-2.19
-2.07
-2
-1.91
-1.77
-1.64
-1.49
-1.4
-1.19
-1.09
-0.913
-0.746
-0.636
-0.433
-0.321
-0.141
0.0142
0.2856
0.5049
0.8792
1.145
1.62
2.163
2.577
3.113
3.445
3.974
4
4
4
4
4
4
4
4
4
4
3.722
3.431
3.049
2.795
2.448
2.232
1.957
1.76
1.672
1.595
1.578
1.538
1.52
1.507
1.503
1.505
1.516
1.498
1.476
1.449
1.381
1.322
1.222
1.152
1.038
0.9592
0.8474
0.6436
0.5522
0.4392
0.3901
0.2939
0.1995
0.092
0.0535
-0.047
-0.099
-0.206
-0.268
-0.361
-0.469
-0.501
-0.585
-0.643
-0.681
-0.746
-0.772
-0.808
-0.846
-0.857
-0.763
-0.84
-0.87
-0.906
-0.852
-0.774
-0.732
-0.673
-0.625
-0.531
-0.451
-0.302
-0.144
-0.045
0.1028
0.21
0.3501
0.4524
0.6182
0.7173
0.8438
0.9216
1.018
1.127
1.197
1.313
1.379
1.496
1.578
1.673
1.753
1.843
1.913
2.001
2.065
2.103
2.157
2.2
2.237
2.257
2.286
2.317
2.34
2.376
2.385
2.409
2.415
2.432
2.428
2.435
2.422
2.414
2.41
2.401
2.392
2.385
2.343
2.332
2.269
2.237
2.173
2.115
2.018
1.973
1.842
1.736
1.645
1.524
1.453
1.354
1.274
1.2
1.146
1.069
1.009
0.9526
0.9397
0.8872
0.8608
0.8257
0.7715
0.7585
0.7073
0.6953
0.6362
0.5818
0.6243
0.4934
0.4624
0.417
0.3906
0.3582
0.3396
0.2976
0.272
0.2141
0.1963
0.1562
0.1228
0.0776
0.0359
-0.009
-0.066
-0.103
-0.159
-0.198
-0.282
-0.332
-0.383
-0.43
-0.434
-0.454
-0.449
-0.433
-0.434
-0.394
-0.375
-0.359
-0.344
-0.306
-0.234
-0.216
-0.162
-0.126
0.0098
-
0.1165
0.1628
0.2476
0.3428
0.4739
0.6274
0.7358
0.8755
1.014
1.16
1.274
1.438
1.534
1.707
1.785
1.893
2.014
2.076
2.158
2.205
2.228
3.57
1.154
2.026
3.128
3.256
1.811
1.98
2.826
1.782
1.24
3.519
3.797
2.007
1.216
0.853
0.9629
1.272
1.578
1.58
1.328
1.064
0.7429
0.7173
0.7695
0.7693
0.7493
0.7405
0.8125
0.9717
1.032
1.054
1.049
1.028
1.063
1.073
1.083
1.036
1.015
1.029
0.9658
0.9878
1.001
0.9482
0.9348
0.8813
0.9041
0.7332
0.8835
0.7734
0.751
0.9531
0.8135
1.234
1.262
0.3757
0.5967
1.251
1.247
0.915
1.027
1.194
1.051
1.175
1.217
1.144
1.221
1.181
1.271
1.186
1.143
1.069
0.9851
0.8804
0.9756
0.9768
0.9985
1.016
0.9985
0.9771
0.9753
0.9949
1.041
1.046
1.047
1.062
1.01
1.003
0.9714
0.9241
0.9146
0.9014
0.9299
0.9404
0.9849
1.023
0.9995
1.043
1.045
1.056
1.044
1.098
1.062
1.068
1.041
1.05
1.046
1.062
1.018
1.038
1.014
0.9929
0.9885
0.9451
0.9453
0.9243
0.9189
0.9397
0.9402
0.9146
0.9277
0.9226
0.9424
0.9224
0.9028
0.9739
0.9487
0.9141
0.9866
0.9578
0.9746
0.9695
0.9846
0.9824
0.9893
0.9978
0.9932
0.9756
0.9805
0.9756
0.9993
0.9575
0.9983
0.9927
0.9783
0.9739
0.9739
0.989
0.9827
0.9729
1.01
1.006
1.011
1.121
1.206
0.9077
1.018
1.079
0.991
1.045
1.1
1.093
1.304
0.7856
1.081
1.029
1.022
1.11
1.174
1.163
1.195
1.223
1.183
1.099
1.184
1.133
1.162
1.271
1.289
1.198
1.234
1.191
1.202
1.14
1.113
1.038
1.002
0.9478
0.8721
0.8606
0.8318
0.8159
0.6833
0.5493
0.4199
0.4941
0.4253
0.6074
1.205
0.3176
0.6233
0.4316
0.3127
1.238
1.267
0.2815
0.6958
0.4976
0.6055
1.062
0.6672
0.6858
0.7952
0.7676
0.7068
0.7522
0.825
0.8462
0.8284
0.7673
0.7466
0.7825
0.7979
0.8081
0.8281
0.8237
0.8083
0.7878
0.7944
0.8064
0.8162
0.8191
0.8047
0.8022
0.793
0.7878
0.7893
0.7878
0.7881
0.7869
0.7852
0.7791
0.7776
0.7605
0.77
0.7656
0.7903
0.804
0.7932
0.8352
1.108
0.9526
0.9326
0.8333
0.7822
0.7876
0.8643
0.8362
0.8179
0.7834
0.7192
0.6917
0.6472
0.5588
0.553
0.5222
0.5259
0.49
0.4912
0.4956
0.4929
0.5254
0.5342
0.551
0.564
0.5825
0.6099
0.6306
0.6421
0.6475
0.6584
0.6538
0.6521
0.646
0.6348
0.6284
0.6272
0.6111
0.6045
0.5947
0.6006
0.5933
0.6011
0.6265
0.6265
0.6333
0.6663
0.6758
0.6851
0.697
0.7031
0.7107
0.7144
0.7104
0.7051
0.7087
0.6985
0.7004
0.7097
0.7046
0.6975
0.6978
0.6982
0.7073
0.709
0.7273
0.7222
0.7253
0.7297
0.739
0.7415
0.7385
0.731
0.7283
0.7327
0.7188
0.7195
0.7092
0.7029
0.6968
0.6899
0.6899
0.6904
0.6914
0.6863
0.6772
0.6824
0.6733
0.667
0.6602
0.6626
0.6584
0.6514
0.6396
0.6492
0.6377
0.6284
0.6299
0.6196
0.6216
0.6216
0.6106
0.6121
0.6023
0.613
0.606
0.6064
0.605
0.605
0.6003
0.6074
0.6038
0.6035
0.6069
0.6001
0.5984
0.5933
0.6067
0.5996
0.6028
0.5991
0.6106
0.613
0.613
0.6045
0.6177
0.6155
0.6199
0.6191
0.6184
0.6252
0.623
0.6289
0.637
0.6296
0.6216
0.6235
0.6375
0.6318
0.6255
0.6304
0.6323
0.6345
0.635
0.6306
0.6443
0.6379
0.6379
0.6443
0.636
0.6338
0.6333
0.627
0.6313
0.6353
0.6343
0.6296
0.6333
0.6335
0.6204
0.6277
0.6206
0.6206
0.6211
0.6204
0.6211
0.6238
0.6194
0.6167
0.6096
0.6084
0.6084
0.6025
0.6086
0.6086
0.6038
0.6021
0.5994
0.6077
0.603
0.5996
0.5923
0.6021
0.6047
0.5938
0.5945
0.6057
0.5864
0.5889
0.5898
0.5918
0.5923
0.5898
0.5872
0.5933
0.5972
0.5977
0.5852
0.5977
0.5991
0.594
0.5928
0.594
0.5938
0.5952
0.5984
0.5994
0.6013
0.5952
0.6052
0.6013
0.5984
0.5977
0.6064
0.6094
0.5984
0.606
0.6023
0.603
0.5955
0.5974
0.5969
0.6021
0.5933
0.6055
0.5955
0.5891
0.5952
0.603
0.603
0.6111
0.592
0.5957
0.5918
0.5925
0.5974
0.5916
0.606
0.5938
0.5923
0.5962
0.6035
0.5952
0.5977
0.5967
0.5955
0.6035
0.5947
0.5945
0.5923
0.5942
0.5984
0.5862
0.594
0.5996
0.5913
0.5867
0.5913
0.5867
0.5903
0.5896
0.5925
0.5859
0.5845
0.5867
0.5859
0.5896
0.5764
0.5737
0.575
0.5767
0.571
0.5762
0.561
0.5688
0.5647
0.5691
0.5686
0.5579
0.5625
0.5674
0.5552
0.5605
0.5562
0.5596
0.5566
0.5525
0.5508
0.5513
0.5601
0.5483
0.5542
0.5479
0.5508
0.5427
0.5471
0.5422
0.5457
0.5591
0.5596
0.5547
0.5605
0.5581
0.561
0.5703
0.5649
0.5564
0.5571
0.5703
0.5662
0.5632
0.5593
0.5605
0.5662
0.5647
0.5605
0.5701
0.5747
0.5635
0.5679
0.5674
0.5632
0.5635
0.5623
0.5557
0.5544
0.5581
0.5642
0.5566
0.5554
0.562
0.5613
0.5562
0.5532
0.5496
0.5559
0.5471
0.5552
0.5627
0.564
0.5537
0.5574
0.5535
0.5474
0.551
0.5564
0.5598
0.5547
0.5479
0.5439
0.5442
0.5493
0.5461
0.55
0.5515
0.5422
0.5486
0.5452
0.5459
0.554
0.5515
0.5505
0.5569
0.551
0.5454
0.5525
0.55
0.5405
0.5491
0.5505
0.5483
0.5518
0.5518
0.5486
0.5476
0.5496
0.5469
0.5417
0.5525
0.5493
0.5447
0.5537
0.5415
0.5425
0.5398
0.5457
0.5408
0.5439
0.5483
0.5447
0.5554
0.5591
0.5469
0.5437
0.5552
0.5437
0.5479
0.5413
0.5457
0.5427
0.543
0.5503
0.5359
0.5466
0.5383
0.5364
0.5371
0.5261
0.5415
0.5452
0.5437
0.5371
0.5325
0.5403
0.5388
0.5481
0.5503
0.5293
0.5298
0.5371
0.5454
0.5308
0.5437
0.5442
0.5413
0.5383
0.5381
0.5459
0.5552
0.5425
0.5366
0.5352
0.5413
0.5317
0.5396
0.5369
0.5417
0.5264
0.5393
0.541
0.541
0.5286
0.5251
0.5352
0.5298
0.5288
0.53
0.5352
0.5339
0.5322
0.5271
0.5349
0.5273
0.5242
0.5308
0.5308
0.5337
0.521
0.5271
0.5247
0.5288
0.5288
0.5276
0.5173
0.5315
0.5244
0.5208
0.5244
0.5215
0.5288
0.52
0.5249
0.5173
0.5269
0.5261
0.521
0.5325
0.5234
0.5288
0.5256
0.5205
0.5273
0.5264
0.5261
0.5154
0.5266
0.5303
0.5227
0.5293
0.5288
0.5242
0.5303
0.5283
0.5251
0.5286
0.5364
0.532
0.5259
0.5371
0.5249
0.5237
0.5254
0.5269
0.5178
0.5212
0.5254
0.5317
0.5225
0.5154
0.531
0.5286
0.5215
0.5261
0.5181
0.5295
0.5205
0.5259
0.5266
0.5271
0.5261
0.5227
0.5222
0.5186
0.5317
0.5298
0.5271
0.52
0.5293
0.5259
0.5256
0.5225
0.5159
0.5269
0.5254
0.5234
0.5186
0.5198
0.5215
0.5134
0.5188
0.5139
0.5137
0.509
0.5183
0.5181
0.5171
0.5142
0.5244
0.5164
0.5215
0.51
0.5244
0.5056
0.52
0.5149
0.5105
0.5188
0.512
0.509
0.5049
0.5146
0.5208
0.5061
0.5122
0.5093
0.5129
0.5139
0.5154
0.5171
0.5029
0.5127
0.5063
0.5076
0.5056
0.5161
0.512
0.4963
0.511
0.5088
0.4993
0.5222
0.5085
0.5117
0.5054
0.521
0.5083
0.5117
0.5071
0.5061
0.5032
0.5029
0.5181
0.5051
0.5073
0.5093
0.491
0.5142
0.5205
0.51
0.4949
0.5156
0.5134
0.5117
0.5005
0.5034
0.501
0.5059
0.502
0.5034
0.5042
0.5056
0.4971
0.5
0.5129
0.5144
0.5083
0.511
0.5027
0.51
0.5037
0.5
0.4988
0.5056
0.5112
0.4968
0.5037
0.4951
0.5066
0.5066
0.4902
0.5061
0.5017
0.5076
0.502
0.5044
0.5125
0.51
0.5051
0.4968
0.5017
0.5005
0.4941
0.4902
0.4932
0.4968
0.4937
0.5046
0.4958
0.488
0.4963
0.499
0.4954
0.4866
0.489
0.4978
0.4939
0.4861
0.4854
0.4905
0.5012
0.4934
0.4897
0.4922
0.4856
0.4917
0.4995
0.4971
0.4846
0.4834
0.4961
0.4905
0.4888
0.4875
0.4832
0.4934
0.4895
0.4927
0.4946
0.4792
0.4922
0.5002
0.4883
0.4883
0.4875
0.4834
0.4873
0.49
0.4788
0.4851
0.4797
0.48
0.4863
0.4844
0.4817
0.4929
0.4868
0.4827
0.4851
0.4844
0.479
0.4805
0.4824
0.4739
0.4824
0.4863
0.481
0.4771
0.4719
0.4832
0.4902
0.4866
0.4797
0.4707
0.4834
0.4802
0.4795
0.4753
0.4844
0.4854
0.4785
0.4849
0.4839
0.4788
0.4856
0.4907
0.4902
0.4824
0.4832
0.4878
0.4849
0.4897
0.4822
0.4924
0.49
0.4917
0.4878
0.4895
0.4878
0.4895
0.4941
0.4858
0.4773
0.4897
0.4871
0.4883
0.4863
0.5002
0.4934
0.491
0.4836
0.4854
0.4988
0.4788
0.491
0.4836
0.4756
0.4824
0.4871
0.4768
0.4861
0.469
0.4836
0.4771
0.4858
