1.025
1.013
1.02
1.012
1.023
1.024
1.02
1.018
1.022
1.019
1.023
1.023
1.015
1.017
1.03
1.029
1.015
1.025
1.018
1.013
1.031
1.03
1.01
1.012
1.025
1.018
1.019
1.025
1.026
1.019
1.02
1.015
1.017
1.02
1.018
1.024
1.018
1.012
1.014
1.01
1.022
1.014
1.014
1.026
1.019
1.018
1.017
1.016
1.013
1.02
1.027
1.023
1.019
1.02
1.014
1.012
1.021
1.017
1.011
1.025
1.021
1.017
1.029
1.015
1.02
1.025
1.011
1.015
1.029
1.021
1.029
1.015
1.015
1.016
1.011
1.02
1.021
1.013
1.023
1.023
1.026
1.013
1.013
1.018
1.01
1.019
1.027
1.018
1.02
1.017
1.023
1.019
1.021
1.02
1.02
1.027
1.017
1.02
1.018
1.022
1.025
1.012
1.021
1.022
1.016
1.022
1.023
1.019
1.023
1.019
1.02
1.013
1.015
1.018
1.02
1.024
1.018
1.029
1.027
1.03
1.021
1.017
1.015
1.018
1.018
1.011
1.021
1.025
1.02
1.018
1.015
1.021
1.027
1.019
1.024
1.014
1.021
1.015
1.018
1.022
1.022
1.013
1.027
1.015
1.021
1.021
1.017
1.024
1.018
1.013
1.017
1.013
1.021
1.012
1.024
1.013
1.021
1.022
1.026
1.019
1.022
1.019
1.014
1.019
1.016
1.031
1.023
1.019
1.025
1.013
1.016
1.02
1.025
1.013
1.022
1.017
1.023
1.016
1.018
1.024
1.017
1.022
1.026
1.015
1.012
1.02
1.017
1.021
1.022
1.015
1.025
1.015
1.02
1.025
1.016
1.017
1.025
1.027
1.032
1.02
1.019
1.019
1.021
1.021
1.023
1.016
1.016
1.024
1.02
1.019
1.012
1.027
1.019
1.028
1.021
1.025
1.03
1.013
1.016
1.019
1.012
1.027
1.025
1.022
1.021
1.027
1.014
1.021
1.022
1.021
1.017
1.023
1.022
1.029
1.015
1.023
1.017
1.02
1.018
1.024
1.017
1.011
1.029
1.008
1.027
1.02
1.022
1.026
1.022
1.025
1.019
1.022
1.016
1.017
1.017
1.012
1.016
1.021
1.028
1.017
1.014
1.025
1.018
1.03
1.019
1.016
1.028
1.021
1.021
1.024
1.024
1.074
0.9766
0.9216
0.9805
1.121
1.068
1.073
1.064
0.9634
0.9744
0.998
1.019
1.043
1.044
1.038
1.02
1.01
1.032
1.054
1.056
1.049
1.007
1.027
1.052
1.044
1.092
1.091
1.136
1.081
1.021
0.9629
0.9961
0.9788
1.007
1.012
0.9971
0.978
0.9841
0.9802
0.9648
0.9695
0.9661
0.9612
0.9453
0.9614
1.006
1.064
1.16
1.137
1.054
0.9673
0.9153
0.917
0.9351
1.132
0.9512
1.107
0.9102
1.119
1.205
1.18
0.9932
1.005
0.9341
0.9482
0.981
0.9993
1.019
1.019
1.019
1.068
1.103
1.15
1.166
1.179
1.169
1.135
1.092
1.089
1.078
1.09
1.066
1.082
1.072
1.079
1.087
1.09
1.12
1.153
1.143
1.155
1.156
1.155
1.167
1.162
1.162
1.171
1.167
1.181
1.188
1.199
1.228
1.221
1.222
1.223
1.206
1.197
1.165
1.144
1.126
1.158
1.167
1.191
1.192
1.188
1.205
1.174
1.167
1.15
1.139
1.116
1.098
1.088
1.064
1.05
1.059
1.032
1.019
1.045
1.027
1.026
1.03
0.9956
0.9514
0.9602
0.9546
0.9602
0.9773
0.9985
1.019
1.07
1.081
1.086
1.105
1.108
1.133
1.158
1.171
1.192
1.228
1.229
1.256
1.26
1.28
1.28
1.266
1.254
1.231
1.219
1.195
1.174
1.141
1.086
1.08
1.072
1.063
1.064
1.063
1.051
1.057
1.046
1.037
1.044
1.047
1.054
1.064
1.088
1.102
1.119
1.116
1.143
1.13
1.106
1.11
1.081
1.083
1.05
1.024
0.9805
0.95
0.9204
0.8833
0.8464
0.7983
0.7681
0.7197
0.7017
0.666
0.657
0.6125
0.5852
0.5476
0.5701
0.5164
0.4631
0.4368
0.3745
0.3911
0.4204
0.4001
0.4258
0.4084
0.387
0.4363
0.3889
0.4221
0.4009
0.3679
0.3474
0.3003
0.3218
0.2705
0.2761
0.2705
0.2913
0.2964
0.2844
0.2905
0.2815
0.3074
0.3113
0.3406
0.3503
0.3496
0.4175
0.4512
0.5061
0.5513
0.5896
0.6492
0.6707
0.7385
0.7395
0.7664
0.7039
0.8674
0.9392
1.051
1.183
1.187
1.261
1.286
1.365
1.431
1.516
1.565
1.579
1.631
1.629
1.642
1.666
1.679
1.68
1.684
1.683
1.698
1.694
1.719
1.752
1.772
1.837
1.864
1.921
1.958
2.01
2.032
2.087
2.05
2.084
2.058
2.044
1.981
1.943
1.9
1.862
1.795
1.756
1.662
1.619
1.551
1.48
1.438
1.407
1.371
1.353
1.335
1.306
1.303
1.289
1.297
1.284
1.292
1.291
1.276
1.273
1.257
1.261
1.22
1.195
1.157
1.125
1.068
1.013
0.9661
0.9138
0.8547
0.7937
0.7461
0.7163
0.6475
0.6003
0.5427
0.4775
0.4363
0.3552
0.2595
0.2122
0.1177
0.0708
-0.004
-0.071
-0.137
-0.188
-0.259
-0.313
-0.369
-0.399
-0.443
-0.476
-0.498
-0.535
-0.547
-0.551
-0.537
-0.518
-0.487
-0.438
-0.386
-0.328
-0.261
-0.234
-0.176
-0.141
-0.056
-0.026
0.0708
0.1274
0.249
0.3745
0.4763
0.626
0.7446
0.9209
1.068
1.269
1.426
1.675
1.826
2.045
2.278
2.317
2.456
2.593
2.652
2.726
2.848
2.9
2.955
2.977
2.986
2.983
2.965
2.917
2.876
2.804
2.742
2.661
2.607
2.497
2.511
2.381
2.322
2.271
2.19
2.165
2.079
2.03
1.99
1.937
1.873
1.834
1.788
1.723
1.656
1.601
1.534
1.493
1.418
1.36
1.304
1.248
1.213
1.135
1.088
1.002
0.907
0.8445
0.7458
0.6667
0.5491
0.4661
0.3435
0.2561
0.1125
0.0215
-0.113
-0.234
-0.315
-0.43
-0.491
-0.583
-0.634
-0.711
-0.761
-0.807
-0.819
-0.866
-0.887
-0.896
-0.919
-0.928
-0.91
-0.907
-0.871
-0.836
-0.776
-0.732
-0.672
-0.619
-0.59
-0.535
-0.505
-0.476
-0.415
-0.37
-0.309
-0.239
-0.15
-0.003
0.157
0.2874
0.49
0.6311
0.8416
1.009
1.248
1.398
1.657
1.782
2.072
2.317
2.443
2.722
2.891
3.01
3.147
4
4
3.009
3.295
4
4
4
4
3.517
2.404
2.052
1.677
1.666
1.569
1.483
1.674
1.958
2.125
2.393
2.495
2.522
2.615
2.52
2.573
2.486
2.479
2.358
2.269
2.148
1.987
1.877
1.66
1.571
1.382
1.271
1.105
1.039
0.8716
0.821
0.709
0.592
0.5347
0.4246
0.3711
0.2517
0.1838
0.0845
-0.115
-0.17
-0.266
-0.345
-0.389
-0.458
-0.51
-0.545
-0.574
-0.626
-0.629
-0.67
-0.688
-0.701
-0.73
-0.729
-0.734
-0.734
-0.725
-0.734
-0.689
-0.685
-0.641
-0.634
-0.566
-0.511
-0.455
-0.366
-0.355
-0.278
-0.243
-0.176
-0.158
-0.086
-0.022
0.0483
0.1548
0.2153
0.3398
0.4062
0.5378
0.6287
0.7539
0.8445
0.9768
1.07
1.234
1.416
1.547
1.757
1.921
2.168
2.332
2.586
2.741
2.95
3.058
3.235
3.38
3.419
3.49
3.505
3.502
3.483
3.437
3.368
3.277
3.199
3.084
2.999
2.865
2.819
2.68
2.595
2.489
2.366
2.278
2.159
2.073
1.946
1.823
1.76
1.653
1.594
1.492
1.419
1.318
1.258
1.153
1.065
0.9565
0.8608
0.8071
0.7036
0.6453
0.5466
0.4734
0.3691
0.322
0.196
0.1167
0.0073
-0.054
-0.17
-0.267
-0.34
-0.421
-0.509
-0.609
-0.679
-0.778
-0.845
-0.922
-0.963
-1.01
-1.06
-1.08
-1.1
-1.11
-1.12
-1.1
-1.06
-1.02
-0.942
-0.891
-0.802
-0.7
-0.639
-0.517
-0.418
-0.324
-0.237
-0.122
-0.042
0.0981
0.1768
0.3113
0.4434
0.5239
0.6829
0.8049
0.99
1.12
1.293
1.407
1.595
1.702
1.894
2.104
2.235
2.444
2.616
2.81
2.958
3.134
3.261
4
4
3.38
3.679
4
4
4
3.912
3.59
2.962
2.56
2.176
2.183
2.071
2.012
2.109
2.24
2.339
2.444
2.454
2.478
2.446
2.334
2.229
2.022
1.892
1.724
1.607
1.525
1.4
1.31
1.177
1.1
0.981
0.9016
0.7749
0.7107
0.5955
0.4954
0.4333
0.3347
0.2847
0.1829
0.1414
0.0554
0.0063
-0.076
-0.055
-0.24
-0.255
-0.359
-0.387
-0.439
-0.498
-0.519
-0.557
-0.574
-0.607
-0.63
-0.674
-0.719
-0.755
-0.776
-0.807
-0.794
-0.777
-0.743
-0.714
-0.66
-0.613
-0.541
-0.507
-0.441
-0.394
-0.375
-0.333
-0.322
-0.245
-0.233
-0.145
-0.103
-0.01
0.074
0.1782
0.2788
0.3508
0.4778
0.561
0.7083
0.8286
1.002
1.137
1.355
1.496
1.715
1.939
2.094
2.304
2.431
2.593
2.701
2.81
2.898
2.998
3.055
3.12
3.154
3.163
3.147
3.173
3.098
3.074
3.079
3.034
2.982
2.948
2.884
2.824
2.762
2.668
2.623
2.537
2.449
2.374
2.281
2.177
2.126
2.027
1.925
1.849
1.756
1.69
1.593
1.527
1.428
1.359
1.268
1.195
1.091
0.9595
0.9333
0.842
0.751
0.6121
0.6025
0.4775
0.4231
0.3481
0.2959
0.1885
0.1306
0.0337
-0.031
-0.097
-0.175
-0.219
-0.282
-0.317
-0.36
-0.38
-0.415
-0.442
-0.441
-0.485
-0.48
-0.51
-0.525
-0.533
-0.554
-0.548
-0.552
-0.562
-0.572
-0.591
-0.592
-0.594
-0.581
-0.566
-0.539
-0.529
-0.502
-0.518
-0.381
-0.372
-0.251
-0.177
-0.124
-0.032
0.0271
0.1113
0.1782
0.282
0.3555
0.5051
0.6116
0.7698
0.9768
1.115
1.348
1.502
1.744
1.913
2.164
2.341
2.595
2.738
2.955
3.122
3.236
3.333
3.392
3.431
3.44
3.438
3.395
3.349
3.304
3.2
3.113
3.052
2.938
2.885
2.78
2.735
2.646
2.582
2.498
2.434
2.345
2.243
2.173
2.082
1.996
1.896
1.833
1.713
1.651
1.544
1.484
1.36
1.265
1.19
1.099
1.025
0.9194
0.8433
0.7358
0.6401
0.5276
0.4592
0.3274
0.1995
0.1143
-0.014
-0.097
-0.217
-0.292
-0.43
-0.487
-0.615
-0.672
-0.743
-0.808
-0.852
-0.912
-0.927
-0.949
-0.958
-0.964
-0.982
-0.98
-0.987
-0.964
-0.938
-0.91
-0.866
-0.839
-0.772
-0.754
-0.654
-0.617
-0.51
-0.47
-0.373
-0.295
-0.083
-0.099
0.0481
0.186
0.2864
0.5066
0.6506
0.8958
1.083
1.329
1.505
1.757
1.996
2.161
2.391
2.545
2.764
2.885
3.062
3.149
3.291
3.359
3.447
3.49
3.505
3.514
3.51
3.54
3.616
3.262
3.291
3.306
3.223
3.084
2.935
2.874
2.772
2.709
2.603
2.532
2.41
2.335
2.216
2.138
2.007
1.867
1.799
1.669
1.59
1.467
1.393
1.268
1.196
1.076
0.9937
0.8611
0.7341
0.6396
0.5166
0.4346
0.3086
0.2273
0.1421
0.0325
-0.09
-0.142
-0.242
-0.307
-0.403
-0.444
-0.547
-0.656
-0.62
-0.726
-0.788
-0.775
-0.824
-0.845
-0.868
-0.894
-0.884
-0.909
-0.894
-0.883
-0.849
-0.838
-0.818
-0.788
-0.759
-0.737
-0.698
-0.666
-0.628
-0.568
-0.557
-0.435
-0.424
-0.313
-0.25
-0.177
-0.087
0.0364
0.1704
0.2693
0.3943
0.562
0.7119
0.8875
1.123
1.271
1.523
1.693
1.954
2.211
2.363
2.574
2.707
2.901
2.976
3.115
3.196
3.297
3.343
3.413
3.422
3.442
3.425
3.418
3.394
3.371
3.322
3.264
3.211
3.153
3.065
2.956
2.906
2.783
2.716
2.583
2.519
2.377
2.283
2.141
2.054
1.926
1.798
1.719
1.621
1.558
1.474
1.41
1.31
1.241
1.152
1.06
0.9617
0.8501
0.7715
0.7173
0.5408
0.4414
0.3284
0.2014
0.1323
-0.047
-0.128
-0.264
-0.333
-0.439
-0.547
-0.587
-0.658
-0.674
-0.72
-0.766
-0.82
-0.861
-0.899
-0.929
-1
-1.04
-1.05
-1.05
-1.06
-1.09
-0.915
-1.03
-1.01
-0.825
-0.758
-0.753
-0.735
-0.694
-0.61
-0.532
-0.433
-0.398
-0.312
-0.253
-0.135
-0.061
0.0837
0.2095
0.313
0.4736
0.5745
0.7754
0.917
1.145
1.293
1.513
1.702
1.939
2.204
2.385
2.644
2.82
3.076
3.215
3.376
3.598
3.613
3.747
4
4
4
3.807
3.976
4
3.942
3.532
3.294
2.923
2.673
2.484
2.402
2.408
2.483
2.542
2.573
2.576
2.477
2.384
2.209
2.111
1.989
1.891
1.837
1.731
1.666
1.542
1.453
1.339
1.251
1.111
1.036
0.8972
0.7695
0.698
0.5833
0.4973
0.3931
0.2935
0.1687
0.0872
-0.038
-0.109
-0.249
-0.332
-0.449
-0.542
-0.603
-0.666
-0.73
-0.769
-0.859
-0.904
-0.979
-0.901
-0.883
-0.929
-0.956
-0.986
-1.01
-1.02
-1.01
-1.02
-1.03
-1.04
-1.04
-1.02
-1.06
-0.96
-0.954
-0.848
-0.789
-0.678
-0.606
-0.496
-0.416
-0.288
-0.178
-0.029
0.1184
0.2502
0.4653
0.6082
0.8899
1.076
1.365
1.572
1.864
2.055
2.307
2.53
2.648
2.834
2.936
3.032
3.078
3.143
3.179
3.224
3.226
3.266
3.244
3.271
3.264
3.263
3.264
3.264
3.246
3.223
3.176
3.143
3.08
3.008
2.956
2.863
2.793
2.681
2.595
2.46
2.376
2.231
2.142
2.004
1.865
1.785
1.649
1.591
1.451
1.394
1.295
1.221
1.124
1.071
0.9744
0.8735
0.8062
0.7104
0.6367
0.5129
0.446
0.3188
0.2478
0.1091
0.0234
-0.093
-0.236
-0.312
-0.435
-0.513
-0.631
-0.641
-0.769
-0.79
-0.831
-0.89
-0.885
-0.92
-0.926
-0.942
-0.974
-1.01
-1.04
-1.06
-1.06
-1.07
-1.08
-1.07
-1.04
-1.02
-0.964
-0.932
-0.882
-0.857
-0.762
-0.741
-0.573
-0.616
-0.394
-0.317
-0.194
-0.011
0.114
0.3147
0.4617
0.6697
0.8228
1.043
1.207
1.437
1.692
1.841
2.125
2.231
2.496
2.676
2.939
3.134
3.387
3.577
3.759
4
4
3.926
3.382
4
4
4
4
3.965
3.548
3.071
2.705
2.652
2.351
2.402
2.362
2.318
2.362
2.414
2.485
2.498
2.434
2.324
2.239
2.06
1.944
1.784
1.688
1.567
1.472
1.345
1.235
1.11
1.006
0.8638
0.7463
0.6838
0.5703
0.5034
0.3828
0.3381
0.2605
0.1907
0.0996
0.0232
-0.077
-0.186
-0.248
-0.388
-0.416
-0.48
-0.548
-0.615
-0.696
-0.769
-0.806
-0.876
-0.85
-0.967
-1.01
-1.05
-1.06
-1.08
-1.11
-1.12
-1.14
-1.16
-1.18
-1.15
-1.14
-1.1
-1.06
-0.948
-0.885
-0.745
-0.664
-0.524
-0.434
-0.288
-0.134
-0.075
0.158
0.2375
0.4785
0.5491
0.719
0.8684
1.036
1.198
1.39
1.614
1.74
1.965
2.122
2.348
2.5
2.713
2.864
3.078
3.217
3.411
3.586
3.679
3.782
3.823
3.871
3.864
3.814
3.746
3.653
3.576
3.452
3.31
3.227
3.058
2.965
2.831
2.754
2.643
2.575
2.458
2.401
2.292
2.227
2.127
2.01
1.951
1.838
1.765
1.652
1.57
1.442
1.348
1.193
1.077
0.9099
0.7585
0.6567
0.6279
0.3442
0.2625
0.0999
-0.068
-0.097
-0.303
-0.312
-0.495
-0.569
-0.661
-0.713
-0.765
-0.878
-0.897
-0.989
-1.02
-1.07
-1.1
-1.13
-1.18
-1.18
-1.2
-1.2
-1.18
-1.16
-1.14
-1.12
-1.14
-1.09
-1.1
-1.02
-1.03
-0.958
-0.927
-0.897
-0.827
-0.794
-0.737
-0.619
-0.56
-0.379
-0.223
-0.099
0.0774
0.2886
0.5444
0.7395
1.039
1.278
1.612
1.847
2.203
2.433
2.753
3.062
3.255
3.436
3.619
3.752
3.849
3.941
4
4
4
3.964
3.901
3.814
3.693
3.604
3.505
3.431
3.313
3.239
3.109
3.033
2.919
2.81
2.744
2.605
2.512
2.383
2.273
2.141
2.049
1.91
1.809
1.667
1.535
1.453
1.338
1.247
1.129
1.056
0.9346
0.8677
0.759
0.697
0.6099
0.54
0.5403
0.4021
0.4255
0.3213
0.2788
0.2104
0.2031
0.1594
0.0967
0.0635
-0.009
0.0005
-0.048
-0.083
-0.094
-0.126
-0.154
-0.192
-0.202
-0.249
-0.25
-0.271
-0.26
-0.217
-0.231
-0.203
-0.176
-0.167
-0.167
-0.13
-0.133
-0.129
-0.13
-0.138
-0.158
-0.144
-0.139
-0.135
-0.114
-0.111
-0.089
-0.063
-0.06
-0.018
-0.016
0.0554
0.0469
0.1165
0.1426
0.1873
0.2185
0.2336
0.2913
0.302
0.3657
0.3657
0.3979
0.4141
0.4067
0.4929
0.5425
0.5896
0.6975
0.7175
0.8442
0.9038
0.9841
1.05
1.11
1.163
1.202
1.259
1.303
1.372
1.401
1.45
1.475
1.496
1.508
1.515
1.507
1.549
1.517
1.514
1.485
1.484
1.465
1.468
1.422
1.429
1.419
1.418
1.421
1.494
2.528
4
4
3.646
2.999
2.8
2.533
2.443
2.001
1.861
1.657
1.452
1.196
0.9578
0.9795
0.8896
0.8708
0.9028
0.9675
1.085
1.132
1.242
1.279
1.351
1.405
1.44
1.461
1.502
1.465
1.473
1.385
1.323
1.287
1.28
1.289
1.272
1.21
1.167
1.046
0.9768
0.9094
0.8413
0.8269
0.7739
0.7368
0.7168
0.7148
0.7112
0.7002
0.7104
0.7146
0.7241
0.7402
0.752
0.7705
0.7844
0.8059
0.8142
0.823
0.825
0.8308
0.8462
0.8562
0.8655
0.8701
0.8923
0.8955
0.9233
0.9397
0.9626
0.98
1.009
1.034
1.04
1.084
1.102
1.125
1.137
1.17
1.195
1.224
1.238
1.258
1.281
1.282
1.268
1.285
1.293
1.311
1.343
1.368
1.413
1.438
1.469
1.483
1.495
1.507
1.51
1.504
1.519
1.525
1.523
1.549
1.54
1.544
1.546
1.526
1.523
1.514
1.484
1.464
1.429
1.405
1.379
1.394
1.346
1.337
1.3
1.282
1.231
1.208
1.189
1.152
1.128
1.1
1.071
1.048
1.019
0.9902
0.9414
0.9448
0.9028
0.8938
0.8413
0.8352
0.771
0.7319
0.6936
0.6511
0.5847
0.5508
0.479
0.4883
0.4236
0.4888
0.3125
0.1816
0.1401
0.1111
0.0034
-0.149
-0.118
-0.266
-0.293
-0.31
-0.396
-0.37
-0.341
-0.357
-0.294
-0.236
-0.22
-0.123
-0.082
-0.046
-0.03
0.0242
0.022
0.0271
0.0457
0.0112
-0.067
-0.133
-0.232
-0.28
-0.309
-0.292
-0.242
-0.205
-0.073
0.0337
0.0408
0.1453
0.127
0.27
0.314
0.448
0.5688
0.6992
0.7935
0.8899
0.9485
1.021
1.078
1.136
1.222
1.251
1.306
1.446
1.276
1.137
1.266
1.401
1.133
1.087
1.062
0.7268
0.6733
0.6541
0.5537
4
-2.39
1.888
4
2.912
-2.35
-2.14
0.8604
4
0.6084
1.051
1.105
1.379
1.058
0.6162
1.438
1.231
0.8318
1.294
1.177
0.7764
0.9353
1.077
0.8557
0.9009
0.9775
0.8022
0.8167
0.9385
0.9263
0.8867
0.8779
0.8325
0.8401
0.8982
0.9448
0.9592
0.981
0.9946
1.003
1.013
1.031
1.059
1.083
1.124
1.131
1.118
1.127
1.116
1.132
1.143
1.144
1.132
1.109
1.098
1.074
1.058
1.042
1.033
1.013
1.004
0.988
0.9763
0.9521
0.9583
0.9492
0.9453
0.9346
0.9424
0.947
0.9351
0.9426
0.9524
0.9595
0.969
1.057
1.012
1.186
1.255
1.252
1.301
1.34
1.341
1.3
1.251
1.224
1.317
1.373
1.448
1.476
1.548
1.592
1.638
1.695
1.776
1.8
1.806
1.815
1.787
1.752
1.731
1.719
1.638
1.671
1.629
1.57
1.553
1.463
1.426
1.393
1.345
1.318
1.304
1.284
1.281
1.284
1.283
1.29
1.297
1.279
1.302
1.273
1.263
1.237
1.218
1.189
1.165
1.125
1.102
1.068
1.017
1.018
0.968
0.949
0.8994
0.8892
0.8501
0.8145
0.8125
0.772
0.7244
0.7034
0.6841
0.6323
0.6313
0.5999
0.5566
0.5615
0.4968
0.4966
0.4451
0.4661
0.4438
0.4319
0.3845
0.3933
0.3374
0.3367
0.3584
0.3206
0.3467
0.3237
0.2852
0.3074
0.2632
0.3035
0.3203
0.3037
0.2925
0.2776
0.2646
0.2065
0.2422
0.1909
0.2136
0.2358
0.1917
0.2273
0.2268
0.1929
0.2205
0.2134
0.1936
0.2056
0.1912
0.1924
0.1938
0.1724
0.1584
0.1226
0.0984
0.0901
0.0715
0.0977
0.0693
0.0417
0.0505
0.0894
0.061
0.0842
0.1619
0.1045
0.187
0.1868
0.1621
0.1877
0.178
0.1465
0.1367
0.1145
0.0833
0.0605
0.0303
-0.003
-0.024
-0.072
-0.096
-0.113
-0.147
-0.173
-0.195
-0.217
-0.237
-0.272
-0.3
0.7556
4
-4
3.291
1.78
-2.01
2.681
4
4
-1
-1.46
3.425
-0.334
-1.45
0.5962
-0.217
-0.486
2.64
0.656
-0.654
-0.089
1.002
-0.66
0.5022
0.7441
0.0864
0.3438
0.4683
0.0439
4
-1.23
0.1936
1.006
-0.581
0.2622
2.038
0.5684
0.0962
0.853
0.844
0.8865
0.9614
0.7996
1.072
1.035
0.9453
1.026
1.17
1.118
1.1
1.142
1.114
1.127
1.142
1.108
1.115
1.134
1.165
1.411
1.646
0.9204
0.6577
1.098
1.336
0.8469
1.063
1.121
0.8977
0.9062
0.9697
0.9275
0.9626
0.907
0.875
0.8118
0.7827
0.7861
0.8601
0.929
0.98
1.054
1.063
1.073
1.073
1.044
1.031
1.042
1.052
1.078
1.108
1.106
1.125
1.124
1.132
1.113
1.078
1.155
1.234
1.207
1.15
1.12
1.079
0.9661
0.885
0.801
0.7522
0.7595
0.8057
0.8477
0.9202
0.9685
1.03
1.062
1.154
1.176
1.252
1.261
1.25
1.265
1.279
1.284
1.316
1.226
1.282
1.274
1.27
1.331
1.364
1.378
1.411
1.404
1.44
1.447
1.433
1.431
1.412
1.404
1.38
1.383
1.363
1.352
1.365
1.373
1.389
1.404
1.427
1.453
1.484
1.501
1.512
1.509
1.543
1.546
1.58
1.59
1.584
1.586
1.538
1.537
1.502
1.444
1.452
1.399
1.317
1.268
1.196
1.141
1.096
1.016
0.9749
0.9314
0.8789
0.8525
0.8367
0.8018
0.8
0.7671
0.7117
0.7144
0.668
0.6296
0.6067
0.5051
0.4648
0.4338
0.4106
0.3694
0.3174
0.3271
0.2703
0.1992
0.2083
0.1069
0.0984
0.0801
0.0103
0.0308
-0.053
-0.032
-0.125
-0.155
-0.217
-0.287
-0.375
-0.481
-0.578
-0.705
-0.759
-0.863
-0.891
-0.929
-0.943
-0.914
-0.861
-0.765
-0.635
-0.545
-0.408
-0.307
-0.164
-0.06
0.0574
0.1382
0.2336
0.3376
0.4839
0.6123
0.7056
0.8579
0.9329
1.1
1.228
1.437
1.562
1.816
1.959
2.194
2.428
2.601
2.844
2.923
3.13
3.289
3.565
3.754
3.875
3.845
3.877
3.823
3.757
3.654
3.559
3.44
3.377
3.254
3.117
3.014
2.886
2.718
2.442
2.243
2.106
2.026
1.891
1.832
1.719
1.646
1.555
1.452
1.387
1.263
1.18
1.106
0.9949
0.8728
0.7681
0.6274
0.5283
0.4292
0.2749
0.0857
-0.147
-0.319
-0.604
-0.809
-1.14
-1.35
-1.66
-1.87
-2.15
-2.31
-2.5
-2.62
-2.68
-2.66
-2.62
-2.53
-2.43
-2.31
-2.22
-2.04
-1.82
-1.55
-1.25
-1.1
-0.817
-0.616
-0.31
-0.035
0.3115
0.5481
0.8716
1.127
1.463
1.869
2.111
2.491
2.842
3.373
3.571
4
4
4
4
4
4
4
4
4
4
4
4
4
3.65
3.229
3.164
3.214
3.268
3.538
3.559
3.512
3.505
3.285
3.104
2.792
2.562
2.24
1.99
1.82
1.586
1.41
1.147
0.9363
0.5791
0.3174
-0.092
-0.391
-0.777
-1.05
-1.45
-1.83
-2.09
-2.47
-2.71
-3.06
-3.21
-3.45
-3.56
-3.62
-3.6
-3.52
-3.36
-3.26
-3.12
-3.01
-2.86
-2.73
-2.56
-2.45
-2.26
-2.13
-1.93
-1.72
-1.58
-1.3
-1.14
-0.872
-0.673
-0.366
-0.085
0.3662
0.74
1.415
2.138
2.722
3.671
4
4
4
4
4
4
4
4
4
4
4
4
4
4
4
4
4
3.705
3.327
3
2.815
2.626
2.501
2.341
2.247
2.143
1.962
1.709
1.463
1.072
0.6819
0.3616
-0.117
-0.492
-1.04
-1.37
-2.02
-2.36
-3.01
-3.33
-3.7
-3.98
-4
-4
-4
-4
-4
-3.99
-4
-3.96
-3.94
-3.85
-3.78
-3.66
-3.43
-3.27
-3.01
-2.78
-2.5
-2.35
-2.02
-1.86
-1.59
-1.25
-0.987
-0.446
0.0405
0.8633
1.641
2.883
3.706
4
4
4
4
4
4
4
4
-1.45
4
4
4
3.161
2.505
0.2368
0.9612
2.559
2.678
2.899
2.845
2.609
2.659
2.641
2.512
2.321
2.027
1.863
1.643
1.488
1.184
0.9958
0.6338
0.3801
-0.014
-0.296
-0.73
-1.21
-1.5
-1.99
-2.31
-2.7
-2.99
-3.24
-3.44
-3.61
-3.67
-3.7
-3.68
-3.61
-3.58
-3.54
-3.4
-3.35
-3.11
-3.12
-2.83
-2.71
-2.4
-2.15
-1.9
-1.55
-1.31
-0.807
-0.529
-0.033
0.2988
0.8477
1.229
1.831
2.457
2.892
3.515
3.886
4
4
4
4
4
4
4
4
4
4
4
4
4
4
4
4
4
4
3.983
3.434
2.966
2.635
2.169
1.915
1.38
1.081
0.5364
0.231
-0.294
-0.643
-1.22
-1.76
-2.12
-2.62
-2.92
-3.31
-3.51
-3.77
-3.91
-4
-4
-4
-4
-4
-4
-4
-4
-4
-3.94
-3.77
-3.52
-3.37
-3.09
-2.71
-2.42
-1.94
-1.58
-0.966
-0.531
0.2439
0.8135
1.965
2.664
3.975
4
4
4
4
4
4
4
4
4
4
4
4
4
3.603
3.674
3.833
4
4
4
4
4
4
3.62
3.126
2.319
1.82
1.19
0.7363
0.0847
-0.293
-0.926
-1.35
-1.92
-2.65
-3.07
-3.66
-4
-4
-4
-4
-4
-4
-4
-4
-3.71
-3.58
-3.63
-3.71
-3.73
-3.77
-3.82
-3.81
-3.72
-3.62
-3.4
-3.26
-3.03
-2.72
-2.55
-2.12
-1.85
-1.27
-0.848
-0.084
0.4358
1.417
2.119
3.358
4
4
4
4
4
4
4
4
4
4
4
4
4
4
4
4
4
3.881
3.603
3.192
2.951
2.607
2.321
2.155
1.885
1.719
1.436
1.265
0.9011
0.6392
0.1482
-0.22
-0.787
-1.35
-1.68
-2.16
-2.43
-2.82
-3.03
-3.33
-3.51
-3.75
-3.88
-4
-4
-4
-4
-4
-4
-4
-4
-3.91
-3.71
-3.38
-2.98
-2.56
-2.29
-1.87
-1.61
-1.13
-0.647
0.0635
0.6467
1.878
2.691
4
4
4
4
4
4
4
-2.13
-4
4
4
4
4
2.506
1.778
3.224
4
4
3.716
3.185
2.712
2.588
2.391
2.017
1.732
1.221
0.8459
0.3435
0.064
-0.354
-0.597
-0.991
-1.27
-1.72
-2.18
-2.48
-2.9
-3.17
-3.51
-3.69
-3.9
-3.98
-3.97
-3.93
-3.84
-3.77
-3.71
-3.54
-3.46
-3.19
-3.05
-2.79
-2.65
-2.4
-2.27
-2.04
-1.78
-1.55
-1.06
-0.667
0.0156
0.5703
1.338
1.944
2.8
3.315
4
4
4
4
4
4
4
4
4
4
4
4
4
4
4
4
3.496
3.226
2.775
2.575
2.307
2.178
1.957
1.789
1.636
1.422
1.283
1.011
0.7454
0.3489
-0.05
-0.632
-1.08
-1.66
-2.05
-2.54
-2.96
-3.17
-3.43
-3.55
-3.67
-3.73
-3.83
-3.94
-4
-4
-3.97
-3.79
-3.65
-3.44
-3.25
-2.98
-2.77
-2.39
-2.19
-1.82
-1.61
-1.15
-0.542
-0.041
0.8862
1.637
2.852
4
4
4
4
4
4
4
4
4
4
4
4
4
4
4
4
4
3.461
3.167
2.602
2.345
2.129
1.965
1.692
1.517
1.242
1.077
0.8313
0.5964
0.4055
0.0769
-0.181
-0.609
-0.948
-1.52
-1.92
-2.53
-2.95
-3.5
-3.93
-4
-4
-4
-4
-4
-4
-4
-4
-4
-4
-3.82
-3.68
-3.44
-3.27
-2.97
-2.76
-2.43
-2.2
-1.86
-1.63
-1.18
-0.579
-0.05
0.8838
1.544
2.794
3.771
4
4
4
4
4
4
4
4
4
4
4
4
4
4
4
3.339
2.67
2.361
2.018
1.83
1.656
1.538
1.401
1.301
1.153
0.9771
0.7678
0.4526
0.2063
-0.268
-0.632
-1.23
-1.66
-2.37
-2.84
-3.49
-3.86
-4
-4
-4
-4
-4
-4
-3.95
-3.66
-3.46
-3.16
-2.99
-2.76
-2.51
-2.34
-2.08
-1.76
-1.51
-1.16
-0.514
0.0449
1.103
1.889
3.197
4
4
4
4
4
4
4
4
4
4
4
4
4
4
4
3.467
3.009
2.47
2.365
1.897
1.882
1.551
1.41
1.114
0.8511
0.6941
0.4109
0.22
-0.169
-0.497
-1.03
-1.4
-1.96
-2.32
-2.79
-3.2
-3.42
-3.68
-3.77
-3.88
-3.78
-3.74
-3.68
-3.64
-3.62
-3.58
-3.52
-3.46
-3.32
-3.2
-2.98
-2.83
-2.49
-2.29
-1.85
-1.42
-0.666
0.3408
1.128
2.526
3.459
4
4
4
4
4
4
4
4
4
4
4
4
4
4
4
4
3.804
3.292
3.002
2.756
2.423
2.135
1.733
1.461
1.051
0.7827
0.3315
-0.016
-0.576
-1.14
-1.55
-2.13
-2.41
-2.87
-3.1
-3.3
-3.39
-3.41
-3.4
-3.37
-3.34
-3.36
-3.37
-3.36
-3.32
-3.26
-3.18
-3.11
-2.99
-2.96
-2.79
-2.6
-2.5
-2.27
-2.11
-1.91
-1.74
-1.48
-1.25
-0.796
-0.418
0.2832
1.064
1.635
2.643
3.365
4
4
4
4
4
4
4
4
4
4
4
4
4
4
4
3.651
3.132
2.545
2.101
1.865
1.488
1.39
1.156
1.04
0.9412
0.8442
0.7283
0.6233
0.4546
0.2373
0.0383
-0.316
-0.594
-1.05
-1.34
-1.8
-2.07
-2.49
-2.72
-3.03
-3.25
-3.42
-3.5
-3.59
-3.57
-3.58
-3.48
-3.43
-3.28
-3.14
-2.89
-2.58
-2.39
-2.07
-1.82
-1.38
-1.01
-0.225
0.3994
1.539
2.345
3.772
4
4
4
4
4
4
4
4
4
4
4
4
4
4
4
3.637
3.194
2.639
2.425
2.033
1.843
1.537
1.216
0.9893
0.6096
0.3604
-0.025
-0.273
-0.632
-0.897
-1.2
-1.41
-1.7
-1.91
-1.99
-2.12
-2.21
-2.33
-2.43
-2.55
-2.68
-2.84
-2.96
-3.07
-3.13
-3.15
-3.12
-3.11
-2.99
-2.91
-2.77
-2.65
-2.49
-2.33
-2.1
-1.94
-1.74
-1.48
-1.36
-1.09
-0.899
-0.519
-0.208
0.4912
1.063
2.164
2.916
4
4
4
4
4
4
4
4
4
4
4
4
4
4
3.778
3.453
3.033
2.824
2.546
2.449
2.287
2.272
2.175
2.136
2.06
1.976
1.921
1.813
1.714
1.54
1.401
1.152
0.9722
0.6689
0.3479
0.1104
-0.306
-0.595
-1.03
-1.35
-1.73
-1.99
-2.34
-2.55
-2.82
-3.04
-3.2
-3.38
-3.49
-3.57
-3.57
-3.52
-3.39
-3.19
-2.98
-2.66
-2.31
-2.09
-1.79
-1.57
-1.18
-0.811
-0.181
0.3196
1.214
1.878
2.905
4
4
4
4
4
4
4
4
4
4
4
4
4
4
4
4
3.751
3.44
3.264
2.989
2.881
2.642
2.405
2.206
1.91
1.64
1.176
0.8743
0.269
-0.138
-0.817
-1.28
-1.96
-2.56
-2.91
-3.34
-3.56
-3.75
-3.81
-3.83
-3.83
-3.74
-3.68
-3.62
-3.59
-3.57
-3.57
-3.53
-3.47
-3.31
-3.18
-3.11
-2.69
-2.52
-2.07
-1.58
-1.36
-0.805
-0.254
0.697
1.523
2.956
3.965
4
4
4
4
4
4
4
4
4
4
4
4
4
4
3.455
2.894
2.225
1.908
1.67
1.5
1.381
1.323
1.22
1.145
0.9785
0.7717
0.5562
0.1812
-0.134
-0.656
-1.03
-1.59
-1.94
-2.43
-2.75
-3.2
-3.6
-3.81
-4
-4
-4
-4
-4
-4
-4
-3.74
-3.45
-3.12
-2.71
-2.47
-2.02
-1.84
-1.58
-1.31
-1.11
-0.808
-0.581
-0.02
0.8125
1.388
2.412
3.196
4
4
4
4
4
4
4
4
4
4
4
4
4
4
4
3.4
2.789
2.093
1.634
1.186
0.8723
0.6284
0.4788
0.3372
0.2268
0.1177
-0.021
-0.143
-0.388
-0.569
-0.906
-1.33
-1.58
-1.95
-2.17
-2.45
-2.6
-2.77
-2.87
-2.98
-3.08
-3.21
-3.34
-3.39
-3.43
-3.4
-3.31
-3.16
-2.91
-2.77
-2.37
-2.23
-1.83
-1.46
-1.17
-0.636
-0.212
0.614
1.224
2.356
3.267
4
4
4
4
4
4
4
4
4
4
4
4
4
4
3.465
2.907
2.176
1.62
1.123
0.8337
0.4861
0.3933
0.2354
0.217
0.1204
-0.07
-0.25
-0.622
-0.91
-1.41
-1.74
-2.25
-2.52
-2.9
-3.23
-2.84
-2.95
-2.77
-3.15
-3.21
-3.28
-3.22
-3.24
-3.2
-3.1
-3.07
-2.86
-2.6
-2.44
-2.12
-1.86
-1.73
-1.33
-0.809
-0.358
0.6333
1.403
2.766
4
4
4
4
4
4
4
4
4
4
4
4
4
3.886
3.311
2.644
2.216
1.721
1.486
1.206
1.019
0.8118
0.6453
0.5288
0.3638
0.2058
0.0049
-0.196
-0.446
-0.623
-0.862
-0.989
-1.23
-1.44
-1.78
-2.13
-2.31
-2.49
-2.6
-2.72
-2.49
-2.59
-2.45
-2.36
-2.38
-2.35
-2.28
-2.24
-2.07
-1.95
-1.74
-1.59
-1.35
-1.07
-0.68
-0.238
0.4065
1.347
2.072
3.156
3.95
4
4
4
4
4
4
4
4
4
4
4
4
4
4
3.501
2.934
2.544
2.018
1.6
1.338
1.028
0.8723
0.7046
0.6057
0.4998
0.4282
0.2817
0.1304
-0.18
-0.6
-0.921
-1.39
-1.76
-2.24
-2.57
-3.02
-3.28
-3.6
-3.78
-3.98
-4
-4
-4
-4
-3.92
-3.93
-3.23
-3.28
-3.03
-2.88
-2.67
-2.38
-2.22
-1.88
-1.63
-1.08
-0.611
0.1946
0.9414
2.176
3.161
4
4
4
4
4
4
4
4
4
4
4
4
4
3.182
1.934
1.97
1.82
1.834
1.853
1.911
1.768
1.692
1.569
1.492
1.38
1.287
1.202
0.9829
0.8499
0.6357
0.3914
0.1941
-0.016
-0.297
-0.389
-0.633
-0.815
-0.962
-1.24
-1.37
-1.74
-2.02
-2.44
-2.74
-3.15
-3.38
-3.6
-3.75
-3.77
-3.74
-3.65
-3.52
-3.26
-3.03
-2.81
-2.52
-2.26
-1.95
-1.68
-1.44
-1.15
-0.976
-0.601
-0.301
0.2729
0.7688
1.65
2.343
3.494
4
4
4
4
4
4
4
4
4
4
4
4
4
4
3.701
2.959
2.558
2.06
1.826
1.519
1.364
1.144
1.03
0.9368
0.894
0.8655
0.7817
0.7598
0.6912
0.5884
0.5781
0.2612
0.1101
-0.311
-0.516
-1.06
-1.44
-1.97
-2.32
-2.76
-3
-3.28
-3.39
-3.5
-3.52
-3.5
-3.32
-3.18
-2.94
-2.68
-2.53
-2.15
-1.98
-1.72
-1.52
-1.24
-1.06
-0.841
-0.615
-0.224
0.1294
0.9045
1.49
2.493
3.276
4
4
4
4
4
4
4
4
4
4
4
4
4
3.959
3.041
2.449
1.771
1.424
1.117
0.9097
0.8535
0.8518
0.8362
0.9294
0.9727
1.012
1.043
1.004
0.9802
0.8701
0.7671
0.5115
0.2842
-0.16
-0.691
-1.08
-1.68
-2.06
-2.59
-2.89
-3.27
-3.43
-3.68
-3.68
-3.67
-3.6
-3.42
-3.18
-3
-2.83
-2.7
-2.25
-2.13
-1.91
-1.69
-1.34
-1.03
-0.54
-0.091
0.2573
0.8904
1.352
2.164
2.756
3.704
4
4
4
4
4
4
4
4
4
4
4
4
4
3.784
3.247
2.888
2.666
2.501
2.351
2.39
2.213
2.069
2.067
1.74
1.678
1.449
1.18
1.031
0.7661
0.5596
0.2991
0.104
-0.194
-0.388
-0.727
-0.965
-1.35
-1.8
-2.07
-2.51
-2.75
-3.1
-3.27
-3.5
-3.55
-3.58
-3.53
-3.36
-3.2
-3.01
-2.7
-2.59
-2.25
-2.16
-1.77
-1.66
-1.44
-1.22
-1.08
-0.691
-0.419
0.1174
0.5835
1.428
2.176
3.329
4
4
4
4
4
4
4
0.947
4
4
4
4
3.971
3.433
3.748
3.619
3.441
2.937
2.623
1.986
1.455
1.008
0.5605
0.5056
0.3186
0.2542
0.1782
0.0359
-0.215
-0.412
-0.87
-1.12
-1.57
-1.83
-2.11
-2.26
-2.35
-2.31
-2.23
-2.09
-2
-1.92
-1.89
-1.9
-1.94
-1.99
-2.04
-2.13
-2.22
-2.25
-2.29
-2.33
-2.28
-2.26
-2.18
-1.96
-1.88
-1.63
-1.32
-0.83
-0.601
0.0046
0.3152
0.8892
1.353
1.969
2.355
2.976
3.502
4
4
4
4
4
4
4
4
4
4
4
4
4
3.597
3.084
2.829
2.399
2.178
1.884
1.784
1.542
1.434
1.244
1.04
0.9353
0.7693
0.6318
0.4387
0.2803
0.01
-0.149
-0.43
-0.653
-1.02
-1.49
-1.85
-2.4
-2.85
-3.46
-3.76
-4
-4
-4
-4
-4
-4
-4
-3.87
-3.72
-2.93
-2.65
-2.11
-1.69
-1.04
-0.469
0.55
1.726
2.619
3.807
4
4
4
4
4
4
4
4
4
4
4
4
4
3.744
2.758
2.226
1.713
1.552
1.529
1.556
1.698
1.848
1.841
1.942
1.847
1.669
1.462
0.9998
0.7517
0.2136
-0.411
-0.746
-1.62
-1.9
-2.41
-2.7
-2.96
-3.08
-3.2
-3.19
-3.13
-3.09
-3.03
-2.99
-3
-3.05
-3.12
-3.25
-3.26
-3.42
-3.43
-3.42
-3.4
-3.21
-3.02
-2.76
-2.43
-2.28
-1.94
-1.81
-1.26
-0.879
-0.617
-0.569
0.2556
1.776
2.697
4
4
4
4
4
4
4
4
4
4
4
4
4
4
4
4
3.269
2.431
1.942
1.336
1.061
0.8982
0.7395
0.6882
0.5491
0.4268
0.2183
0.0396
-0.313
-0.581
-0.986
-1.41
-1.65
-2.03
-2.27
-2.6
-2.79
-3.05
-3.21
-3.43
-3.65
-3.78
-3.99
-4
-4
-4
-4
-3.72
-3.47
-3.27
-2.8
-2.54
-2.28
-1.81
-1.6
-1.16
-0.775
0.0908
0.7759
2.079
2.824
4
4
4
4
4
4
4
4
4
4
4
4
4
4
3.513
3.006
2.046
1.873
1.404
1.155
0.873
0.7136
0.5676
0.4863
0.408
0.311
0.1721
-0.073
-0.284
-0.725
-1.04
-1.62
-2.04
-2.69
-3.12
-3.69
-3.96
-4
-4
-4
-4
-4
-4
-4
-3.69
-3.49
-3.11
-2.9
-2.67
-2.39
-2.19
-1.89
-1.68
-1.3
-1
-0.461
-0.097
0.7217
1.38
2.438
3.759
4
4
4
4
4
4
4
4
4
4
4
4
4
4
4
3.721
3.025
2.665
2.051
1.894
1.689
1.554
1.568
1.586
1.553
1.54
1.468
1.32
1.228
0.8494
0.7898
0.3091
-0.089
-0.384
-1.01
-1.35
-1.96
-2.36
-2.87
-3.22
-3.57
-3.69
-3.81
-3.72
-3.67
-3.48
-3.29
-3.08
-2.81
-2.47
-2.34
-2
-1.82
-1.58
-1.31
-1.15
-0.892
-0.709
-0.443
-0.214
0.2324
0.54
1.117
1.639
2.497
3.51
4
4
4
4
4
4
4
4
4
4
4
4
4
4
3.459
3.124
2.662
2.345
2.054
1.825
1.652
1.546
1.519
1.457
1.428
1.356
1.268
1.107
0.9543
0.6931
0.4565
0.085
-0.366
-0.711
-1.23
-1.59
-2.1
-2.45
-2.92
-3.2
-3.56
-3.78
-4
-4
-4
-4
-3.93
-3.62
-3.4
-3.09
-2.83
-2.57
-2.33
-2.05
-1.86
-1.57
-1.19
-0.895
-0.332
0.1348
0.9893
1.701
2.856
3.964
4
4
4
4
4
4
4
4
4
4
4
4
4
3.565
3.06
2.772
2.397
2.263
2.161
2.299
2.207
2.353
2.3
2.349
2.358
2.252
2.156
1.96
1.772
1.487
1.255
0.8645
0.5828
0.0684
-0.31
-0.925
-1.52
-1.86
-2.24
-2.43
-2.62
-2.66
-2.69
-2.65
-2.55
-2.46
-2.32
-2.2
-2.13
-2.05
-1.95
-1.77
-1.73
-1.44
-1.34
-1.06
-0.842
-0.58
-0.298
0.0942
0.5361
0.8855
1.475
1.889
2.596
3.013
3.664
4
4
4
4
4
4
4
4
4
3.777
3.372
3.044
2.686
2.517
2.199
2.03
1.885
1.708
1.624
1.488
1.36
1.227
1.067
0.9072
0.7959
0.5803
0.3826
0.2583
0.0054
-0.164
-0.47
-0.706
-1.02
-1.22
-1.47
-1.58
-1.7
-1.8
-1.82
-1.87
-1.92
-1.96
-2
-2.04
-2.06
-2.05
-2.04
-2
-1.93
-1.92
-1.78
-1.67
-1.53
-1.45
-1.14
-1.12
-0.792
-0.606
-0.336
0.1064
0.4695
1.053
1.624
2.355
2.979
3.925
4
4
4
4
4
4
4
4
4
4
4
3.837
3.242
2.73
2.177
1.856
1.361
0.9409
0.9846
0.8115
0.8433
0.9336
1.029
0.8547
1.068
1.254
1.324
1.447
1.534
1.54
1.529
1.536
1.53
1.54
1.481
1.473
1.468
1.415
1.393
1.32
1.271
1.203
1.147
1.072
1.038
0.9707
0.9438
0.8923
0.9219
0.8523
0.7717
0.7476
0.6641
0.6169
0.5547
0.519
0.4604
0.4575
0.4707
0.4783
0.5007
0.5088
0.5193
0.5356
0.5508
0.6016
0.6501
0.7148
0.759
0.8228
0.8601
0.8911
0.9075
0.9175
0.8896
0.8782
0.8362
0.8027
0.7454
0.7043
0.6384
0.6072
0.5574
0.5034
0.4702
0.4197
0.3987
0.3811
0.3713
0.3921
0.3887
0.4016
0.4033
0.4521
0.4316
0.4463
0.4524
0.4482
0.4543
0.4526
0.4707
0.4832
0.5044
0.5244
0.5552
0.5718
0.5984
0.6208
0.6401
0.6501
0.6328
0.6445
0.6294
0.6084
0.5957
0.5874
0.5684
0.5566
0.5024
0.5007
0.4385
0.425
0.3938
0.3611
0.3525
0.3318
0.2871
0.2883
0.2625
0.2507
0.2388
0.2576
0.2437
0.2456
0.2988
0.303
0.3203
0.3411
0.3792
0.4009
0.406
0.4131
0.4146
0.418
0.4231
0.4199
0.4119
0.4065
0.3958
0.3821
0.3586
0.406
0.4622
0.5916
0.7151
1.002
1.17
1.459
1.671
1.988
2.142
2.422
2.642
2.711
2.884
2.996
3.199
3.183
3.2
3.233
3.414
2.995
2.849
2.914
2.89
2.756
2.685
2.531
2.415
2.257
2.146
1.991
1.921
1.843
1.788
1.708
1.734
1.75
1.787
1.838
1.923
1.943
1.957
1.984
1.895
1.943
1.904
1.818
1.761
1.701
1.643
1.534
1.459
1.37
1.277
1.158
1.106
0.9746
0.884
0.8237
0.7507
0.7288
0.686
0.6506
0.6509
0.6072
0.605
0.5884
0.5625
0.5476
0.5295
0.5195
0.5083
0.4734
0.4485
0.4744
0.4309
0.4087
0.4089
0.3552
0.3411
0.2839
0.262
0.2485
0.2209
0.2158
0.1677
0.1782
0.1328
0.1038
0.1187
0.1233
0.0833
0.0591
0.0671
0.0747
0.0818
0.0652
0.0991
0.084
0.0986
0.1223
0.1091
0.1724
0.2012
0.2698
0.3442
0.3945
0.4124
0.4773
0.4885
0.509
0.5249
0.519
0.5051
0.4963
0.4709
0.4482
0.4214
0.4067
0.385
0.3467
0.3013
0.3247
0.344
0.3486
0.3662
0.3755
0.3752
0.3865
0.4368
0.4619
0.4812
0.5159
0.5337
0.5486
0.5718
0.5757
0.5967
0.604
0.5798
0.5886
0.5847
0.5735
0.5615
0.5232
0.4944
0.4421
0.4233
0.3904
0.3738
0.3728
0.3911
0.3977
0.4575
0.4956
0.5608
0.6443
0.6948
0.7769
0.8337
0.8877
0.9502
1.06
1.118
1.235
1.322
1.569
1.642
1.878
2.004
2.29
2.328
2.487
2.559
2.571
2.553
2.558
2.466
2.429
2.347
2.271
2.182
2.074
1.944
1.823
1.633
1.452
1.391
1.314
1.244
1.161
1.137
1.094
1.107
1.113
1.025
1.185
1.413
1.544
1.603
1.596
1.575
1.534
1.391
1.281
1.148
1.108
1.032
1.016
0.9863
0.9751
0.99
1.013
1.002
1.066
1.097
1.089
1.09
1.079
1.047
1.045
1.037
1.037
1.036
1.029
1.032
1.032
1.033
0.9988
0.9902
0.9932
0.9617
0.9348
0.9539
0.8938
0.8726
0.8801
0.8479
0.8386
0.8379
0.8342
0.8384
0.8376
0.8347
0.8213
0.8289
0.8196
0.8313
0.8381
0.8752
0.8843
0.9268
0.9768
1.011
1.065
1.091
1.141
1.162
1.206
1.232
1.293
1.311
1.365
1.408
1.429
1.458
1.454
1.432
1.44
1.42
1.413
1.38
1.361
1.327
1.311
1.273
1.245
1.235
1.233
1.245
1.267
1.28
1.326
1.366
1.399
1.444
1.511
1.584
1.625
1.668
1.707
1.753
1.792
1.826
1.8
1.775
1.759
1.692
1.636
1.588
1.514
1.453
1.363
1.302
1.218
1.16
1.043
1.011
0.9175
0.8291
0.7759
0.7036
0.655
0.6016
0.5571
0.5066
0.4858
0.4458
0.4092
0.377
0.3567
0.3621
0.3398
0.3564
0.3516
0.3491
0.3813
0.3853
0.4246
0.4204
0.4614
0.4817
0.4919
0.4932
0.4888
0.4771
0.4731
0.4487
0.437
0.384
0.366
0.355
0.3142
0.3057
0.3135
0.2817
0.2778
0.2695
0.25
0.188
0.1814
0.1611
0.1418
0.1233
0.1208
0.1213
0.1311
0.1345
0.1426
0.1467
0.1519
0.1316
0.1353
0.1145
0.1045
0.0874
0.0833
0.0803
0.092
0.0972
0.1045
0.0933
0.1052
0.0835
0.0701
0.0579
0.0405
-0.003
-0.015
-0.066
-0.083
-0.126
-0.132
-0.154
-0.14
-0.131
-0.097
-0.05
0.0078
0.0647
0.1543
0.2354
0.4109
0.5312
0.7568
0.9199
1.156
1.298
1.554
1.753
1.902
2.141
2.322
2.563
2.722
2.913
2.995
3.163
4
3.241
4
4
4
4
4
3.167
1.656
2.299
1.012
0.4312
0.4209
0.0017
-0.073
0.1523
0.2615
0.5601
0.8608
1.156
1.31
1.468
1.499
1.556
1.609
1.647
1.693
1.734
1.739
1.719
1.665
1.613
1.5
1.423
1.244
1.121
0.9116
0.7551
0.6406
0.521
0.4414
0.3818
0.3467
0.3066
0.3108
0.2988
0.3225
0.3298
0.3401
0.353
0.3679
0.3818
0.3984
0.4258
0.449
0.4724
0.5029
0.5244
0.5779
0.6201
0.6379
0.6924
0.7314
0.8
0.8457
0.9131
0.9551
1.016
1.039
1.069
1.114
1.135
1.17
1.164
1.261
1.251
1.27
1.298
1.336
1.332
1.391
1.448
1.482
1.583
1.626
1.699
1.76
1.844
1.904
2.01
2.068
2.179
2.283
2.326
2.409
2.407
2.418
2.368
2.353
2.277
2.177
2.078
1.959
1.811
1.756
1.649
1.591
1.508
1.467
1.406
1.418
1.41
1.436
1.492
1.581
1.65
1.743
1.79
1.873
1.861
1.869
1.836
1.734
1.657
1.471
1.333
1.139
0.8899
0.7581
0.5403
0.4106
0.2292
0.1289
-0.052
-0.075
-0.356
-0.3
-0.475
-0.524
-0.541
-0.636
-0.596
-0.572
-0.578
-0.466
-0.444
-0.369
-0.303
-0.293
-0.244
-0.221
-0.186
-0.18
-0.191
-0.233
-0.311
-0.339
-0.392
-0.426
-0.471
-0.514
-0.539
-0.57
-0.577
-0.596
-0.603
-0.617
-0.628
-0.624
-0.635
-0.654
-0.646
-0.654
-0.635
-0.622
-0.589
-0.562
-0.492
-0.436
-0.338
-0.267
-0.114
-0.01
0.1555
0.335
0.4666
0.6489
0.7861
0.9531
1.084
1.273
1.389
1.559
1.669
1.823
1.944
1.991
2.071
2.111
2.149
2.178
2.205
2.245
2.232
2.238
2.236
2.251
2.225
2.266
2.716
3.633
4
3.596
2.694
4
4
3.45
2.576
1.931
1.187
0.9678
0.7788
0.7512
0.6631
0.7178
0.9148
0.9631
1.05
1.125
1.132
1.228
1.328
1.492
1.619
1.771
1.819
1.746
1.61
1.331
1.044
0.8901
0.6536
0.5679
0.4521
0.4219
0.3916
0.4136
0.4219
0.4458
0.4541
0.4651
0.4668
0.4636
0.4595
0.4487
0.4407
0.4458
0.4631
0.478
0.498
0.5293
0.5576
0.5952
0.627
0.6511
0.6831
0.7151
0.7305
0.7534
0.772
0.7939
0.8137
0.8154
0.8381
0.8435
0.854
0.8606
0.8606
0.8674
0.8777
0.8794
0.8884
0.8943
0.9116
0.9114
0.9509
0.9905
0.9629
1.043
1.098
1.127
1.234
1.254
1.296
1.332
1.375
1.449
1.532
1.675
1.748
1.816
1.895
1.932
1.912
1.765
1.638
1.518
1.432
1.401
1.369
1.436
1.502
1.519
1.594
1.689
1.835
1.902
1.998
2.04
2.03
2.039
2.047
1.99
1.993
1.934
1.918
1.887
1.848
1.799
1.787
1.768
1.773
1.812
1.818
1.823
1.799
1.808
1.719
1.69
1.595
1.525
1.475
1.405
1.323
1.215
1.109
0.9802
0.8994
0.813
0.7812
0.7188
0.6895
0.6826
0.6121
0.5957
0.5466
0.5171
0.4697
0.4663
0.4604
0.3926
0.4509
0.4097
0.4084
0.3743
0.3784
0.4001
0.3835
0.342
0.3362
0.2793
0.2603
0.1926
0.1892
0.2117
0.2075
0.21
0.228
0.2065
0.2085
0.2
0.1816
0.1719
0.1726
0.1741
0.1736
0.1733
0.1912
0.2114
0.2275
0.2522
0.2817
0.3159
0.3406
0.3882
0.4048
0.4478
0.4795
0.5066
0.5403
0.5718
0.6006
0.6348
0.6799
0.7051
0.7461
0.7615
0.7935
0.8557
0.8857
0.9316
0.9795
1.024
1.055
1.106
1.106
1.133
1.139
1.142
1.143
1.15
1.145
1.147
1.151
1.158
1.178
1.188
1.201
1.213
1.224
1.23
1.239
1.251
1.261
1.28
1.286
1.304
1.316
1.336
1.344
1.371
1.385
1.383
1.379
1.371
1.362
1.351
1.324
1.306
1.283
1.248
1.239
1.196
1.167
1.124
1.092
1.047
1.06
0.9849
0.9651
0.9292
0.8923
0.8357
0.8032
0.7437
0.6736
0.6082
0.5227
0.4653
0.3696
0.3076
0.2017
0.1277
-0.015
-0.111
-0.28
-0.427
-0.595
-0.829
-0.977
-1.19
-1.33
-1.5
-1.6
-1.7
-1.76
-1.83
-1.84
-1.85
-1.55
-1.43
-0.958
-0.614
-0.161
0.1892
0.6931
0.9575
1.458
1.807
2.065
2.381
2.6
2.959
3.154
3.35
3.492
3.605
3.647
3.709
3.727
3.705
3.673
3.615
3.541
3.45
3.303
3.177
2.98
2.836
2.63
2.517
2.333
2.164
2.053
1.886
1.782
1.646
1.546
1.428
1.365
1.276
1.208
1.147
1.071
1.042
0.9646
0.908
0.8406
0.7854
0.7253
0.6987
0.6338
0.5754
0.532
0.4688
0.4258
0.3826
0.3408
0.3047
0.2788
0.2388
0.219
0.2058
0.1758
0.1709
0.166
0.1704
0.2031
0.2202
0.2671
0.301
0.3887
0.4402
0.5291
0.5938
0.6692
0.72
0.7568
0.7544
0.7915
0.8701
0.874
0.9595
0.9756
0.9951
1.028
1.056
1.066
1.054
1.105
1.098
1.149
1.117
1.135
1.146
1.166
1.159
1.167
1.203
1.199
1.209
1.216
1.241
1.256
1.313
1.348
1.401
1.427
1.43
1.476
1.452
1.469
1.513
1.525
1.546
1.591
1.593
1.567
1.548
1.48
1.431
1.406
1.355
1.336
1.282
1.236
1.187
1.148
1.087
1.045
1.001
0.9709
0.9475
0.9568
1.001
1.021
1.031
1.015
0.9976
0.9458
0.9495
0.9607
0.9634
0.9651
0.9636
0.9565
0.9421
0.9368
0.9341
0.9194
0.9014
0.8943
0.8647
0.8604
0.8494
0.835
0.7808
0.7888
0.7542
0.791
0.7834
0.7783
0.791
0.8005
0.8169
0.8398
0.8687
0.8879
0.9302
0.9426
0.9609
0.9727
0.9717
1.006
1.031
1.057
1.057
1.009
0.9961
0.9993
1.011
1.042
1.075
1.157
1.216
1.272
1.329
1.401
1.498
1.562
1.649
1.721
1.839
1.898
2.005
2.069
2.169
2.255
2.293
2.343
2.414
2.425
2.461
2.485
2.469
2.443
2.421
2.414
2.444
2.527
2.623
2.762
2.909
2.952
3.056
3.072
3.152
3.124
3.049
3.016
2.847
2.619
2.449
2.138
1.905
1.525
1.277
0.9094
0.6707
0.3086
0.1179
-0.148
-0.456
-0.496
-0.782
-0.859
-0.992
-1.09
-1.18
-1.22
-1.3
-1.35
-1.41
-1.45
-1.48
-1.47
-1.42
-1.37
-1.3
-1.21
-1.15
-1.06
-0.97
-1.09
-1.11
-1.02
-0.844
-0.782
-0.688
-0.618
-0.597
-0.55
-0.544
-0.537
-0.494
-0.492
-0.405
-0.3
-0.219
-0.028
0.1274
0.3916
0.5679
0.8955
1.103
1.419
1.61
1.82
2.072
2.137
2.256
2.292
2.308
2.299
2.278
2.246
2.206
2.175
2.13
2.098
2.073
2.032
2.019
1.98
1.957
1.906
1.848
1.797
1.745
1.701
1.671
1.637
1.596
1.573
1.522
1.509
1.474
1.425
1.391
1.364
1.311
1.286
1.263
1.232
1.221
1.185
1.163
1.125
1.102
1.067
1.043
1.014
0.9934
0.9702
0.9524
0.948
0.9382
0.9309
0.9209
0.9153
0.9094
0.9131
0.9141
0.9031
0.9021
0.8975
0.8899
0.8899
0.8813
0.8694
0.8635
0.8557
0.8398
0.8413
0.8501
0.8701
0.8918
0.9021
0.9194
0.9141
0.9219
0.9248
0.9473
0.9578
0.9797
0.9509
0.9922
1.001
0.9856
0.9915
0.9924
0.9871
0.9863
0.9666
0.9714
0.9585
0.9683
0.9565
0.9607
1.001
0.9622
0.9634
0.9514
0.9631
0.9634
0.9688
0.9749
0.9749
0.9893
0.9941
0.9749
0.9695
0.9556
0.9819
0.9854
0.967
0.949
0.8853
0.8428
0.8147
0.7827
0.7498
0.7007
0.6738
0.6157
0.5889
0.5352
0.4783
0.4229
0.3762
0.282
0.2141
0.0798
-0.077
-0.198
-0.375
-0.491
-0.631
-0.729
-0.845
-0.916
-0.942
-0.999
-0.98
-0.949
-0.943
-0.85
-0.81
-0.71
-0.634
-0.507
-0.405
-0.234
-0.068
0.2368
0.6118
0.8933
1.259
1.499
1.832
2.08
2.361
2.562
2.836
2.87
2.982
3.044
3.148
3.127
3.142
3.048
2.968
2.929
2.864
2.833
2.792
2.704
2.633
2.536
2.338
2.333
2.659
2.677
2.582
2.419
2.091
1.829
1.447
1.218
1.159
1.235
1.379
1.562
1.622
1.63
1.585
1.551
1.345
1.164
1.057
0.9475
0.7769
0.7124
0.6118
0.5718
0.4934
0.4836
0.4646
0.4753
0.5063
0.5625
0.5947
0.667
0.6985
0.7288
0.7476
0.77
0.7666
0.7766
0.7759
0.7627
0.7471
0.7446
0.7427
0.7561
0.7986
0.8101
0.8362
0.8513
0.8623
0.8721
0.897
0.9282
0.9277
0.9426
0.9597
0.9778
0.9749
0.9902
0.9561
1.026
0.9844
1.018
1.041
1.039
1.058
1.09
1.076
1.079
1.102
1.135
1.133
1.144
1.127
1.139
1.137
1.142
1.146
1.138
1.138
1.124
1.129
1.124
1.111
1.119
1.122
1.126
1.121
1.118
1.127
1.128
1.13
1.126
1.126
1.121
1.106
1.104
1.084
1.056
1.036
0.9963
0.9905
0.9858
0.9722
0.968
0.9709
0.9771
0.9968
1.029
1.066
1.086
1.125
1.171
1.232
1.268
1.351
1.391
1.476
1.525
1.608
1.703
1.746
1.824
1.875
1.945
2.015
2.119
2.174
2.319
2.331
2.388
2.389
2.388
2.337
2.304
2.253
2.229
2.234
2.253
2.258
2.297
2.336
2.36
2.372
2.344
2.304
2.258
2.233
2.16
2.105
2.059
1.943
1.857
1.681
1.56
1.372
1.205
1.023
0.8694
0.6682
0.5569
0.3757
0.2351
0.0928
-0.232
-0.488
-0.513
-0.544
-0.47
-0.429
-0.349
-0.308
-0.237
-0.239
-0.248
-0.313
-0.386
-0.479
-0.579
-0.619
-0.714
-0.726
-0.761
-0.72
-0.702
-0.644
-0.614
-0.575
-0.516
-0.465
-0.408
-0.357
-0.301
-0.24
-0.205
-0.158
-0.079
-0.043
0.0466
0.1936
0.2585
0.3892
0.4792
0.6362
0.741
0.8752
0.9612
1.084
1.146
1.222
1.274
1.306
1.346
1.354
1.387
1.411
1.45
1.479
1.518
1.541
1.575
1.597
1.606
1.607
1.618
1.594
1.586
1.577
1.56
1.525
1.525
1.509
1.459
1.458
1.435
1.417
1.414
1.415
1.399
1.405
1.389
1.377
1.358
1.327
1.331
1.311
1.281
1.252
1.228
1.186
1.153
1.145
1.108
1.085
1.06
1.039
1.015
1.004
1
0.99
0.9697
0.9524
0.9507
0.9397
0.9333
0.9233
0.908
0.8875
0.8696
0.8599
0.8455
0.8491
0.8516
0.8643
0.8716
0.8943
0.8894
0.8989
0.8945
0.8987
0.9009
0.8796
0.8918
0.8936
0.8972
0.9114
0.9175
0.9277
0.9294
0.9211
0.9172
0.905
0.9417
0.9116
0.9011
0.8987
0.9141
0.905
0.9209
0.9229
0.9519
0.9302
0.9546
0.9526
0.9617
0.9846
0.9841
0.9858
0.9812
0.9893
0.9973
0.9734
0.9607
0.9421
0.9268
0.9109
0.9001
0.8713
0.8494
0.8101
0.7744
0.7075
0.6272
0.5632
0.4749
0.408
0.3184
0.2461
0.1313
0.0554
-0.046
-0.11
-0.198
-0.275
-0.338
-0.404
-0.463
-0.539
-0.604
-0.643
-0.688
-0.703
-0.696
-0.632
-0.715
-0.672
-0.612
-0.616
-0.543
-0.438
-0.348
-0.25
-0.026
0.2124
0.6187
1.075
1.411
1.764
1.982
2.252
2.405
2.591
2.67
2.641
2.609
2.721
2.675
2.704
2.666
2.693
2.768
2.814
2.857
2.861
2.823
2.723
2.601
2.466
2.296
2.124
2.018
1.902
1.851
1.75
1.7
1.827
1.88
1.925
1.913
1.787
1.664
1.542
1.361
1.29
1.217
1.216
1.253
1.266
1.27
1.244
1.214
1.146
1.094
1.009
0.9487
0.8679
0.8425
0.7734
0.739
0.7012
0.6724
0.6506
0.6523
0.6631
0.6912
0.731
0.7659
0.7869
0.8418
0.8611
0.8779
0.8562
0.8445
0.8264
0.8157
0.8069
0.7896
0.7866
0.7778
0.8069
0.8298
0.7527
0.916
0.8147
0.9104
0.907
0.8916
0.8972
0.8936
0.8857
0.8865
0.8772
1.042
1.084
1.187
1.285
1.378
1.509
1.549
1.482
1.412
1.317
1.285
1.208
1.165
1.097
1.036
1.012
0.9893
0.9895
1.016
1.02
1.05
1.066
1.103
1.115
1.124
1.124
1.11
1.103
1.116
1.146
1.174
1.144
1.235
1.365
1.471
1.602
1.703
1.869
2.014
2.111
2.204
2.312
2.226
2.397
2.584
2.615
2.529
2.555
2.545
2.537
2.523
2.59
2.621
2.652
2.681
2.658
2.638
2.626
2.593
2.546
2.406
2.29
2.095
1.919
1.653
1.478
1.223
1.04
0.7661
0.6733
0.4841
0.3408
0.2686
0.0999
-0.004
-0.094
-0.206
-0.321
-0.395
-0.479
-0.642
-0.769
-0.847
-0.759
-0.751
-0.78
-0.734
-0.688
-0.63
-0.584
-0.535
-0.528
-0.44
-0.402
-0.342
-0.29
-0.242
-0.22
-0.198
-0.147
-0.115
-0.111
-0.083
-0.057
-0.038
-0.021
-0.026
-0.014
-0.002
-0.014
0.2095
0.1882
0.3535
0.4617
0.6008
0.8042
0.9294
1.109
1.226
1.38
1.45
1.533
1.543
1.544
1.53
1.48
1.45
1.392
1.352
1.324
1.303
1.304
1.297
1.305
1.308
1.321
1.338
1.347
1.357
1.364
1.398
1.382
1.386
1.366
1.357
1.345
1.333
1.315
1.289
1.288
1.275
1.28
1.256
1.245
1.208
1.224
1.237
1.224
1.241
1.221
1.218
1.214
1.197
1.175
1.168
1.144
1.146
1.121
1.105
1.065
1.017
1.036
1.03
1.017
1.046
1.032
1.052
1.05
1.061
1.067
1.076
1.083
1.086
1.098
1.074
1.025
1.068
1.019
0.9915
0.989
0.9766
0.9539
0.9558
0.929
0.925
0.9333
0.9536
0.9045
0.9451
0.9041
0.9407
0.8748
0.981
0.9519
0.9075
0.9207
0.8889
0.885
0.9053
0.8596
0.8669
0.8328
0.8403
0.8489
0.8147
0.8601
0.8442
0.8145
0.8308
0.811
0.8003
0.7849
0.7583
0.7441
0.7097
0.6729
0.6169
0.5376
0.4978
0.4312
0.3738
0.2861
0.2031
0.0828
0.0315
-0.063
-0.125
-0.269
-0.182
-0.316
-0.3
-0.352
-0.4
-0.424
-0.466
-0.475
-0.496
-0.418
-0.344
-0.291
-0.231
-0.143
-0.024
0.2192
0.4331
0.8232
1.049
1.423
1.638
1.874
2.049
2.156
2.219
2.289
2.25
2.251
2.251
2.193
2.12
2.051
1.998
1.952
1.874
1.82
1.779
1.734
1.708
1.695
1.681
1.732
1.761
1.812
1.848
1.882
1.874
1.893
1.883
1.864
1.85
1.812
1.757
1.703
1.611
1.558
1.449
1.351
1.297
1.208
1.162
1.108
1.067
1.038
1.015
0.999
0.988
0.99
1.008
1.015
1.033
1.057
1.069
1.07
1.093
1.076
1.047
1.037
1.001
0.9548
0.9294
0.9124
0.8931
0.8884
0.9006
0.9143
0.9294
0.9541
0.9863
1.019
1.047
1.073
1.1
1.106
1.106
1.08
1.095
1.061
1.032
1.027
0.981
0.9365
0.9204
0.8799
0.8567
0.8333
0.8269
0.8101
0.8076
0.8186
0.8184
0.8391
0.8752
0.8796
0.907
0.9275
0.9495
0.9629
0.9658
0.9705
0.9941
1.002
1.017
1.041
1.058
1.091
1.088
1.128
1.13
1.141
1.149
1.155
1.151
1.14
1.116
1.073
1.056
1.024
1.011
1.005
0.9946
0.9819
0.9692
0.9678
0.946
0.9521
0.9585
0.9521
0.9546
0.9463
0.9448
0.9353
0.9375
0.9536
0.9675
0.9824
1.012
1.022
1.03
1.036
1.045
1.053
1.065
1.062
1.059
1.062
1.051
1.051
1.057
1.027
1.033
1.018
1.021
1.029
1.036
1.049
1.055
1.084
1.124
1.15
1.207
1.263
1.31
1.334
1.38
1.398
1.434
1.462
1.543
1.611
1.699
1.827
1.919
2.052
2.142
2.236
2.322
2.42
2.466
2.521
2.602
2.569
2.587
2.578
2.499
2.485
2.442
2.377
2.318
2.242
2.202
2.144
2.079
1.994
1.936
1.797
1.723
1.521
1.396
1.261
1.104
0.9934
0.8672
0.7595
0.6785
0.6174
0.5088
0.4783
0.3838
0.3313
0.2527
0.1938
0.0994
0.0247
-0.023
-0.045
-0.147
-0.135
-0.183
-0.252
-0.294
-0.309
-0.266
-0.194
-0.227
-0.234
-0.277
-0.312
-0.332
-0.296
-0.277
-0.262
-0.234
-0.252
-0.268
-0.293
-0.314
-0.312
-0.287
-0.249
-0.213
-0.142
-0.086
0.0112
0.0757
0.1829
0.2688
0.3535
0.5381
0.5334
0.6738
0.7505
0.8123
0.9409
0.9917
1.032
1.099
1.132
1.04
1.227
1.168
1.334
1.26
1.358
1.316
1.369
1.38
1.361
1.384
1.368
1.352
1.345
1.333
1.312
1.3
1.301
1.296
1.301
1.317
1.334
1.349
1.377
1.394
1.405
1.423
1.439
1.438
1.427
1.419
1.406
1.402
1.379
1.352
1.33
1.304
1.334
1.299
1.316
1.315
1.303
1.296
1.284
1.272
1.278
1.276
1.26
1.251
1.216
1.194
1.148
1.114
1.079
1.047
1.027
1.009
1
0.9905
0.9702
0.9578
0.9719
0.9609
0.9624
0.9585
0.9634
0.9631
0.9424
0.9365
0.9265
0.9209
0.9309
0.9536
0.9563
0.9792
1
1.01
1.01
1.02
1.017
1.013
1.032
1.013
1.014
0.9951
0.9907
0.9714
0.9563
0.9343
0.9368
0.9446
0.9314
0.9414
0.9507
0.9617
0.9722
0.9773
0.9705
0.9453
0.9685
0.9346
0.9458
0.9368
0.9768
0.9841
0.9854
1.015
1.005
1.081
1.068
1.049
1.099
1.101
1.113
1.123
1.083
1.111
1.058
1.041
1.035
0.9988
1.011
0.9653
0.9333
0.9153
0.896
0.8801
0.8523
0.8411
0.813
0.7866
0.7583
0.7073
0.6758
0.6194
0.5527
0.4905
0.4363
0.3499
0.2639
0.2117
0.0813
-
-0.121
-0.214
-0.315
-0.413
-0.477
-0.566
-0.635
-0.773
-0.862
-0.954
-1.05
-0.991
-0.874
-0.903
-0.787
-0.72
-0.53
-0.453
-0.313
-0.185
0.0112
0.1707
0.3613
0.5515
0.748
1.048
1.181
1.452
1.741
2.044
2.272
2.724
2.944
4
4
-2.55
-4
2.13
-0.861
-2.79
4
4
0.5193
-0.215
1.926
1.665
0.189
0.3428
0.4797
0.6238
0.9033
1.109
1.165
1.441
1.642
1.88
1.998
2.071
2.024
1.959
1.773
1.635
1.446
1.317
1.176
1.107
0.9993
0.9861
0.9031
0.8779
0.8347
0.7913
0.7722
0.7253
0.7021
0.676
0.6658
0.6423
0.6438
0.6301
0.6309
0.6289
0.6584
0.6653
0.667
0.6899
0.6992
0.6992
0.7107
0.7131
0.741
0.7549
0.7856
0.8062
0.8394
0.8491
0.8638
0.8669
0.8706
0.8647
0.8687
0.856
0.823
0.8081
0.7964
0.8079
0.8228
0.8223
0.8591
0.863
0.8948
0.9033
0.9207
0.9194
0.9243
0.9324
0.9199
0.9329
0.9224
0.926
0.9333
0.927
0.9316
0.9358
0.9253
0.9365
0.937
0.9419
0.9272
0.9404
0.9314
0.9365
0.9412
0.9341
0.9492
0.9558
0.9539
0.9521
0.958
0.9641
0.9666
0.9583
0.9521
0.9724
0.9492
0.9639
0.9595
0.9541
0.9534
0.9451
0.959
0.9607
0.9814
1.011
1.063
1.12
1.117
1.188
1.323
1.427
1.576
1.727
1.747
1.814
1.888
1.929
1.934
1.889
1.871
1.784
1.723
1.706
1.727
1.757
1.832
1.919
2.061
2.191
2.347
2.444
2.569
2.643
2.644
2.564
2.545
2.462
2.373
2.356
2.27
2.145
2.09
1.953
1.889
1.829
1.751
1.739
1.686
1.624
1.529
1.451
1.343
1.253
1.113
0.9932
0.9131
0.8
0.7092
0.5737
0.4778
0.3447
0.2388
0.0933
0.0989
-0.129
-0.36
-0.467
-0.782
-0.846
-1.08
-1.25
-1.46
-1.59
-1.69
-1.71
-1.78
-1.84
-1.94
-2.03
-2.09
-2.16
-2.22
-2.25
-2.23
-2.22
-2.11
-2.03
-1.91
-1.69
-1.55
-1.32
-1.26
-1.06
-0.947
-0.81
-0.572
-0.478
-0.147
0.0632
0.3374
0.9282
1.403
1.983
2.437
3.24
3.807
4
4
4
4
4
4
4
4
4
4
4
4
4
4
3.708
3.063
2.457
2.081
1.684
1.513
1.297
1.183
1.122
1.082
1.07
0.9983
0.9622
0.9204
0.8809
0.7136
0.6389
0.376
0.2327
0.0068
-0.188
-0.531
-0.761
-1.1
-1.42
-1.58
-1.8
-1.92
-2.05
-2.12
-2.25
-2.28
-2.34
-2.34
-2.47
-2.28
-2.11
-1.82
-1.71
-1.65
-1.55
-1.38
-1.19
-1.01
-0.968
-0.646
-0.467
-0.317
-0.033
0.1238
0.5063
0.7271
1.265
1.772
2.484
2.952
3.884
4
4
4
4
4
4
4
4
4
4
4
4
4
3.951
3.451
2.949
2.652
2.212
1.834
1.435
1.192
0.8953
0.7661
0.6768
0.5869
0.5217
0.3997
0.3071
0.1333
0.0093
-0.236
-0.394
-0.619
-0.807
-0.942
-1.13
-1.26
-1.43
-1.49
-1.58
-1.61
-1.63
-1.65
-1.69
-1.71
-1.68
-1.62
-1.56
-1.38
-1.32
-1.13
-1.06
-0.924
-0.846
-0.737
-0.658
-0.611
-0.545
-0.478
-0.359
-0.23
0.0168
0.229
0.6196
0.9456
1.563
2.144
2.589
3.41
3.891
4
4
4
4
4
4
4
4
4
4
4
3.875
3.525
2.959
2.615
2.252
1.918
1.561
1.139
0.9995
0.689
0.5129
0.2507
0.1094
-0.26
-0.392
-0.791
-0.981
-1.3
-1.68
-1.79
-2
-2.07
-2.12
-2.1
-2.03
-1.93
-1.79
-1.67
-1.52
-1.25
-1.15
-0.865
-0.78
-0.519
-0.456
-0.289
-0.183
-0.103
-0.015
0.1821
0.1704
0.4888
0.7742
1.042
1.532
1.853
2.488
2.991
3.753
4
4
4
4
4
4
4
4
4
4
4
4
3.541
3.157
2.609
2.232
2.044
1.849
1.567
1.424
1.277
1.106
1.134
0.9946
0.9524
0.7939
0.5908
0.3684
0.1394
-0.073
-0.54
-0.706
-0.823
-1.04
-1.1
-1.21
-1.27
-1.28
-1.3
-1.27
-1.26
-1.24
-1.21
-1.14
-1.13
-1.06
-1.03
-0.986
-0.918
-0.817
-0.793
-0.664
-0.712
-0.445
-0.371
-0.319
0.1038
0.0034
0.3999
0.7214
1.076
1.681
2.14
2.871
3.326
4
4
4
4
4
4
4
4
4
4
4
3.858
3.607
3.195
2.993
2.597
2.179
1.969
1.718
1.628
1.472
1.393
1.169
1.116
0.8464
0.6946
0.4089
0.1624
-0.079
-0.424
-0.588
-0.9
-1.03
-1.15
-1.18
-1.15
-1.09
-0.991
-0.849
-0.79
-0.636
-0.515
-0.387
-0.262
-0.136
-0.065
0.04
0.1702
0.3679
0.5549
0.5718
0.9399
0.998
1.217
1.35
1.543
1.699
1.909
2.146
2.502
2.748
3.118
3.428
3.58
3.743
3.788
3.733
3.624
3.418
3.265
3.062
2.891
2.627
2.381
2.271
2.015
1.841
1.647
1.553
1.402
1.344
1.292
1.157
1.122
1.002
0.9941
0.8762
0.8669
0.342
0.3657
0.2131
0.0378
-0.017
-0.109
-0.212
-0.259
-0.319
-0.323
-0.293
-0.264
-0.229
-0.191
-0.132
-0.026
0.05
0.1555
0.2573
0.3347
0.4485
0.5374
0.6816
0.7432
0.8569
0.915
1.027
1.06
1.167
1.16
1.219
1.237
1.246
1.277
1.277
1.277
1.27
1.277
1.256
1.29
1.269
1.288
1.311
1.318
1.349
1.376
1.388
1.416
1.427
1.441
1.475
1.491
1.501
1.542
1.565
1.597
1.615
1.665
1.687
1.718
1.742
1.766
1.781
1.795
1.769
1.793
1.823
1.847
1.919
1.908
1.927
1.946
1.911
1.874
1.854
1.825
1.784
1.734
1.721
1.612
1.623
1.529
1.523
1.461
1.458
1.466
1.536
1.604
1.737
1.776
1.878
1.94
2
2.028
2.059
2.059
2.07
2.001
1.952
1.851
1.774
1.612
1.514
1.33
1.225
1.034
0.8403
0.719
0.5183
0.385
0.1899
0.032
-0.179
-0.305
-0.52
-0.64
-0.858
-1
-1.24
-1.47
-1.61
-1.84
-1.95
-2.09
-2.19
-2.27
-2.3
-2.29
-2.28
-2.23
-2.2
-2
-1.82
-1.56
-1.22
-0.972
-0.775
-0.618
-0.494
-0.429
-0.301
-0.281
-0.228
-0.198
-0.135
-0.063
0.0229
0.2014
0.3574
0.6758
0.9976
1.483
2.104
2.474
3.041
3.517
4
4
4
4
4
4
4
4
4
1.109
1.981
4
4
3.445
3.084
2.554
2.363
2.587
2.242
1.979
1.848
1.829
1.782
1.774
1.715
1.71
1.654
1.856
1.684
1.687
1.652
1.627
1.639
1.534
1.464
1.351
1.265
1.149
1.065
0.9346
0.7305
0.6482
0.4626
0.3516
0.2039
0.1077
-0.053
-0.156
-0.31
-0.408
-0.567
-0.734
-0.86
-1.05
-1.19
-1.39
-1.54
-1.74
-1.85
-1.98
-2.02
-2.06
-2.06
-2
-1.93
-1.87
-1.78
-1.71
-1.57
-1.5
-1.35
-1.26
-1.19
-1.04
-1.01
-0.808
-0.772
-0.586
-0.45
-0.16
0.0984
0.5037
0.8252
1.287
1.906
2.153
2.659
3.058
3.734
4
4
4
4
4
4
4
4
4
4
4
4
4
3.904
3.292
3.067
2.66
2.469
2.333
2.101
1.998
1.942
1.908
1.843
1.83
1.61
1.652
1.485
1.32
1.262
1.173
1.07
0.9788
0.834
0.7029
0.572
0.4043
0.2839
0.1162
-0.027
-0.103
-0.221
-0.305
-0.426
-0.53
-0.597
-0.649
-0.743
-0.813
-0.954
-1.09
-1.17
-1.24
-1.31
-1.42
-1.5
-1.6
-1.73
-1.75
-1.82
-1.9
-1.96
-1.99
-2.07
-2.05
-2.1
-2.03
-1.97
-1.89
-1.75
-1.64
-1.5
-1.42
-1.22
-1.04
-0.923
-0.677
-0.475
-0.112
0.2102
0.771
1.18
1.84
2.319
3.102
4
4
4
4
4
4
4
4
4
4
4
4
4
4
3.975
3.242
2.879
2.286
1.967
1.765
1.696
1.691
1.735
1.797
1.836
1.891
1.947
1.975
1.974
1.969
1.879
1.863
1.779
1.792
1.553
1.536
1.353
1.246
1.156
0.9673
0.8665
0.6658
0.5496
0.3557
0.2156
-0.012
-0.24
-0.361
-0.608
-0.777
-0.985
-1.16
-1.38
-1.51
-1.64
-1.72
-1.93
-2
-2.03
-2.05
-2.02
-1.98
-1.99
-1.94
-1.97
-1.96
-1.98
-1.99
-1.91
-1.88
-1.74
-1.68
-1.53
-1.38
-1.28
-1.16
-1.06
-1.02
-0.77
-0.629
-0.405
-0.16
0.0298
0.4758
0.8154
1.272
1.612
2.077
2.409
2.991
3.6
4
4
4
4
4
4
4
4
4
4
4
4
3.664
3.398
3.07
2.883
2.767
2.694
2.622
2.591
2.584
2.595
2.597
2.601
2.597
2.573
2.557
2.49
2.458
2.363
2.301
2.188
2.071
1.968
1.813
1.711
1.536
1.431
1.438
1.021
1.013
0.7969
0.563
0.4705
0.3081
0.0879
-0.013
-0.194
-0.354
-0.499
-0.707
-0.893
-1.02
-1.17
-1.3
-1.34
-1.45
-1.47
-1.53
-1.56
-1.57
-1.61
-1.61
-1.62
-1.63
-1.66
-1.66
-1.7
-1.74
-1.76
-1.78
-1.71
-1.7
-1.61
-1.57
-1.52
-1.48
-1.44
-1.41
-1.34
-1.22
-1.2
-0.99
-0.948
-0.671
-0.432
-0.188
0.0703
0.5542
0.988
1.351
1.865
2.268
2.882
3.276
3.864
4
4
4
4
4
4
4
4
4
4
4
4
4
3.833
3.651
3.523
3.475
3.314
3.165
2.977
2.908
2.857
2.845
2.931
3.013
2.987
2.94
2.825
2.652
2.548
2.366
2.169
2.132
1.981
1.836
1.684
1.477
1.242
1.096
0.8857
0.7488
0.5422
0.4424
0.21
0.0945
-0.026
-0.188
-0.449
-0.61
-0.561
-0.939
-0.982
-1.23
-1.32
-1.5
-1.58
-1.73
-1.77
-1.87
-1.89
-1.92
-1.92
-1.91
-1.89
-1.89
-1.89
-1.91
-1.91
-1.9
-1.86
-1.78
-1.76
-1.67
-1.6
-1.5
-1.44
-1.31
-1.24
-1.07
-0.97
-0.757
-0.59
-0.344
-0.147
0.2249
0.4695
0.7754
1.217
1.531
1.957
2.215
2.606
2.994
3.24
3.621
3.85
4
4
4
4
4
4
4
4
4
4
4
3.931
3.833
3.625
3.605
3.453
3.418
3.331
3.323
3.307
3.256
3.221
3.083
2.98
2.826
2.649
2.536
2.351
2.237
2.031
1.965
1.772
1.728
1.584
1.482
1.306
1.21
1.018
0.8894
0.7139
0.5474
0.5642
0.0667
0.147
-0.161
-0.384
-0.533
-0.726
-0.955
-1.07
-1.26
-1.4
-1.49
-1.6
-1.63
-1.7
-1.69
-1.72
-1.67
-1.66
-1.66
-1.66
-1.67
-1.72
-1.76
-1.74
-1.75
-1.76
-1.73
-1.76
-1.7
-1.66
-1.66
-1.6
-1.6
-1.49
-1.5
-1.29
-1.36
-1.2
-1.1
-0.907
-0.696
-0.56
-0.423
-0.112
0.136
0.3694
0.5981
0.863
1.173
1.384
2.001
2.211
2.694
3.031
3.617
4
4
4
4
4
4
4
4
4
4
4
4
4
4
3.725
2.96
2.533
2.257
2.203
2.229
2.401
2.749
3.108
3.209
3.174
3.027
2.767
2.574
2.341
2.191
1.958
1.833
1.617
1.402
1.272
1.087
0.968
0.8018
0.7109
0.5557
0.4541
0.3059
0.2031
0.0657
-0.094
-0.194
-0.36
-0.422
-0.731
-0.723
-1.01
-1.06
-1.3
-1.26
-1.47
-1.6
-1.67
-1.69
-1.74
-1.76
-1.78
-1.77
-1.76
-1.75
-1.75
-1.76
-1.75
-1.77
-1.75
-1.73
-1.73
-1.7
-1.7
-1.54
-1.43
-1.42
-1.28
-1.2
-1.11
-0.878
-0.871
-0.703
-0.549
-0.477
-0.147
0.1768
0.4719
0.9937
1.47
1.827
2.444
2.879
3.488
3.889
4
4
4
4
4
4
4
4
4
4
4
4
3.967
3.749
3.626
3.515
3.395
3.325
3.304
3.287
3.26
3.24
3.188
3.128
3.02
2.936
2.82
2.653
2.533
2.35
2.228
2.062
1.858
1.69
1.51
1.34
1.142
0.9966
0.8047
0.7495
0.6267
0.4604
0.4941
0.2036
0.231
-0.11
-0.16
-0.391
-0.567
-0.798
-0.93
-1.11
-1.2
-1.35
-1.44
-1.55
-1.62
-1.67
-1.73
-1.75
-1.75
-1.75
-1.74
-1.7
-1.64
-1.65
-1.68
-1.7
-1.75
-1.8
-1.86
-1.88
-1.88
-1.85
-1.87
-1.83
-1.79
-1.91
-1.69
-1.67
-1.55
-1.42
-1.17
-1.02
-0.689
-0.529
-0.384
-0.074
0.2458
0.5215
1.031
1.36
1.886
2.509
2.885
3.441
3.77
4
4
4
4
4
4
4
4
4
4
4
4
4
3.996
3.929
3.83
3.792
3.719
3.678
3.638
3.588
3.51
3.457
3.382
3.283
3.214
3.077
2.96
2.725
2.641
2.518
2.363
2.289
2.116
2.011
1.898
1.77
1.566
1.452
1.248
1.028
0.8958
0.6724
0.5063
0.2524
0.0964
-0.073
-0.421
-0.598
-0.866
-1.15
-1.39
-1.63
-1.87
-2.02
-2.21
-2.32
-2.42
-2.44
-2.48
-2.49
-2.49
-2.45
-2.41
-2.33
-2.3
-2.27
-2.27
-2.28
-2.32
-2.31
-2.28
-2.29
-2.11
-2.16
-1.93
-1.92
-1.7
-1.64
-1.28
-1.22
-0.996
-0.882
-0.499
-0.071
0.2585
0.7974
1.214
1.902
2.394
3.202
3.734
4
4
4
4
4
4
4
4
4
4
4
4
4
4
4
3.982
3.492
3.172
2.834
2.777
2.844
2.987
3.096
3.088
3.031
2.947
2.881
2.73
2.58
2.402
2.214
2.001
1.867
1.587
1.45
1.194
0.9688
0.8232
0.5559
0.3838
0.0991
-0.082
-0.472
-0.582
-0.971
-1.15
-1.5
-1.77
-1.99
-2.18
-2.36
-2.52
-2.55
-2.64
-2.66
-2.66
-2.62
-2.59
-2.55
-2.51
-2.43
-2.4
-2.27
-2.19
-2.04
-1.94
-1.75
-1.68
-1.5
-1.4
-1.37
-1.24
-1.14
-1.02
-0.91
-0.724
-0.602
-0.361
-0.189
0.2258
0.6953
1.069
1.652
2.165
2.878
3.403
4
4
4
4
4
4
4
4
4
4
4
4
4
3.94
3.419
3.064
2.685
2.459
2.272
2.235
2.212
2.284
2.307
2.348
2.396
2.426
2.389
2.346
2.256
2.111
1.968
1.728
1.609
1.506
1.15
1.065
0.7546
0.6135
0.3999
0.2554
-0.023
-0.195
-0.491
-0.729
-1.06
-1.28
-1.57
-1.83
-1.98
-2.16
-2.25
-2.36
-2.43
-2.47
-2.48
-2.53
-2.53
-2.56
-2.55
-2.51
-2.44
-2.39
-2.18
-2.07
-1.81
-1.65
-1.49
-1.22
-1.1
-0.846
-0.716
-0.562
-0.366
-0.108
0.095
0.4585
0.759
1.227
1.562
2.161
2.623
2.997
3.577
3.912
4
4
4
4
4
4
4
4
4
4
4
4
4
4
3.817
3.431
3.302
3.007
2.79
2.693
2.593
2.531
2.464
2.397
2.421
2.353
2.269
2.232
2.084
1.903
1.816
1.559
1.407
1.126
0.9231
0.5381
0.2996
-0.106
-0.379
-0.758
-1.2
-1.44
-1.87
-2.07
-2.37
-2.56
-2.78
-2.89
-3.01
-3.08
-3.11
-3.14
-3.11
-3.09
-3.04
-2.93
-2.85
-2.72
-2.56
-2.41
-2.24
-2.04
-1.8
-1.67
-1.54
-1.26
-1.14
-0.961
-0.635
-0.525
-0.204
0.0164
0.5076
1.057
1.506
2.19
2.765
3.569
4
4
4
4
4
4
4
4
4
4
4
4
4
4
3.83
3.535
3.172
2.955
2.864
2.744
2.763
2.74
2.765
2.755
2.723
2.707
2.599
2.501
2.307
2.176
1.93
1.755
1.44
1.232
0.8616
0.5825
0.144
-0.18
-0.728
-1.25
-1.58
-2.07
-2.33
-2.65
-2.78
-2.92
-2.97
-3.02
-3.03
-3.04
-2.98
-2.93
-2.81
-2.73
-2.57
-2.49
-2.31
-2.16
-1.94
-1.82
-1.65
-1.49
-1.35
-1.18
-1.1
-0.952
-0.842
-0.633
-0.492
-0.259
-0.046
0.3193
0.719
1.134
1.654
2.172
3.016
3.55
4
4
4
4
4
4
4
4
4
4
4
4
4
4
4
3.078
2.331
1.966
1.877
1.76
1.722
1.738
1.629
1.513
1.371
1.269
1.148
1.06
1.014
0.9023
0.8428
0.7109
0.606
0.4524
0.3044
0.0842
-0.078
-0.361
-0.641
-0.838
-1.14
-1.32
-1.58
-1.74
-1.93
-2.04
-2.19
-2.29
-2.43
-2.55
-2.61
-2.65
-2.67
-2.61
-2.55
-2.52
-2.39
-2.32
-2.21
-2.06
-1.91
-1.8
-1.62
-1.45
-1.36
-1.08
-0.919
-0.817
-0.485
-0.265
0.0698
0.5217
0.8748
1.479
1.92
2.66
3.178
3.989
4
4
4
4
4
4
4
4
4
4
4
4
4
3.784
3.502
2.976
2.763
2.498
2.383
2.243
2.302
2.232
2.201
2.166
2.061
2.05
1.939
1.865
1.73
1.619
1.429
1.297
1.06
0.9114
0.6245
0.4194
0.23
-0.24
-0.376
-0.788
-0.985
-1.38
-1.54
-1.9
-2.11
-2.36
-2.53
-2.71
-2.86
-2.92
-2.97
-2.95
-2.88
-2.82
-2.67
-2.56
-2.41
-2.33
-2.07
-1.89
-1.66
-1.48
-1.29
-1.08
-0.964
-0.669
-0.571
-0.323
-0.189
0.103
0.4766
0.7563
1.241
1.589
2.235
2.666
3.508
3.878
4
4
4
4
4
4
4
4
4
4
4
4
4
4
3.544
3.253
2.866
2.601
2.562
2.442
2.344
2.252
2.178
2.025
2.05
1.961
1.884
1.702
1.542
1.331
1.161
0.9275
0.7217
0.4495
0.1514
-0.048
-0.348
-0.495
-0.713
-0.834
-1.02
-1.14
-1.33
-1.48
-1.69
-1.95
-2.16
-2.39
-2.54
-2.74
-2.84
-2.92
-2.92
-2.84
-2.77
-2.65
-2.49
-2.36
-2.1
-1.93
-1.71
-1.58
-1.38
-1.21
-1.01
-0.797
-0.471
-0.069
0.2637
0.7693
1.164
1.767
2.235
2.984
3.459
4
4
4
4
4
4
4
4
4
4
4
4
4
4
3.641
3.349
2.817
2.664
2.409
2.362
2.217
2.279
2.263
2.309
2.301
2.292
2.247
2.146
2.09
1.938
1.837
1.611
1.474
1.253
1.088
0.8684
0.5886
0.3584
-0.018
-0.308
-0.778
-1.12
-1.6
-1.88
-2.27
-2.47
-2.72
-2.89
-2.96
-3.05
-3.04
-3.03
-3.01
-2.93
-2.83
-2.73
-2.66
-2.46
-2.15
-1.95
-1.7
-1.51
-1.29
-1.16
-0.95
-0.797
-0.6
-0.411
-0.148
0.1821
0.4307
0.9138
1.207
1.771
2.2
2.863
3.491
4
4
4
4
4
4
4
4
4
4
4
4
4
4
3.892
3.494
2.877
2.607
2.265
2.08
1.93
1.882
1.805
1.783
1.76
1.706
1.655
1.533
1.479
1.296
1.167
0.9045
0.6907
0.3242
0.0486
-0.379
-0.819
-1.09
-1.49
-1.73
-2.04
-2.22
-2.45
-2.58
-2.75
-2.86
-2.99
-3.08
-3.12
-3.12
-3.07
-2.95
-2.86
-2.62
-2.51
-2.32
-2.07
-1.87
-1.58
-1.42
-1.25
-1.1
-0.883
-0.726
-0.431
-0.172
0.2263
0.675
1.294
2.114
2.772
3.602
4
4
4
4
4
4
4
4
4
4
4
4
4
4
3.435
2.738
2.059
1.644
1.542
1.517
1.686
1.844
1.931
2.013
2.061
2.104
2.109
2.037
1.943
1.726
1.446
1.241
0.8923
0.645
0.2869
0.0476
-0.368
-0.632
-1.09
-1.4
-1.88
-2.35
-2.59
-2.94
-3.13
-3.38
-3.55
-3.62
-3.63
-3.57
-3.5
-3.26
-3.07
-2.91
-2.69
-2.62
-2.29
-2.21
-1.93
-1.77
-1.55
-1.31
-1.12
-0.866
-0.625
-0.273
0.032
0.6189
1.031
1.795
2.375
3.226
3.933
4
4
4
4
4
4
4
4
4
4
4
4
4
3.94
3.01
2.682
2.007
1.683
1.278
1.031
0.8623
0.9148
1.061
1.203
1.266
1.273
1.218
1.155
1.099
0.9868
0.9155
0.7949
0.7302
0.6428
0.5925
0.5522
0.5044
0.4666
0.4236
0.3779
0.2942
0.2668
0.1621
0.0962
0.022
-0.019
-0.041
-0.03
-0.069
-0.052
-0.133
-0.165
-0.107
-0.006
0.0581
0.1492
0.1558
0.1626
0.196
0.2217
0.2917
0.3445
0.406
0.4458
0.4941
0.5156
0.571
0.6265
0.6624
0.7102
0.7566
0.8054
0.8757
0.8921
0.9314
0.9629
1.005
1.045
1.083
1.104
1.127
1.146
1.145
1.15
1.162
1.183
1.225
1.271
1.308
1.34
1.376
1.44
1.463
1.469
1.483
1.478
1.479
1.456
1.461
1.435
1.439
1.436
1.438
1.437
1.458
1.476
1.508
1.524
1.566
1.58
1.636
1.707
1.747
1.823
1.877
1.972
2.028
2.125
2.198
2.318
2.397
2.519
2.648
2.643
2.709
2.648
2.631
2.577
2.426
2.348
2.195
2.099
1.965
1.863
1.813
1.75
1.66
1.632
1.56
1.51
1.446
1.322
1.25
1.102
0.9902
0.8838
0.7253
0.645
0.4824
0.3894
0.2507
0.1592
0.0178
-0.059
-0.174
-0.268
-0.373
-0.525
-0.541
-0.868
-0.875
-1.13
-1.09
-1.39
-1.41
-1.61
-1.64
-1.72
-1.79
-1.82
-1.88
-1.93
-2.02
-2.06
-2.12
-2.13
-2.24
-2.26
-2.13
-1.99
-1.73
-1.59
-1.52
-1.33
-1.23
-1.06
-0.763
-0.536
-0.291
0.0752
0.4636
0.8171
1.366
1.746
2.375
2.789
3.456
3.979
4
4
4
4
4
4
4
4
4
4
4
4
4
3.66
3.204
2.878
2.581
2.408
2.218
2.005
2.077
2.089
2.07
2.075
2.089
2.078
2.081
2.069
2.056
1.974
1.916
1.766
1.647
1.469
1.324
1.097
0.8425
0.718
0.4788
0.3447
0.1128
-0.042
-0.313
-0.502
-0.756
-0.933
-1.22
-1.39
-1.63
-1.82
-1.92
-2.08
-2.15
-2.23
-2.27
-2.3
-2.31
-2.3
-2.26
-2.21
-2.1
-2.03
-1.86
-1.75
-1.51
-1.33
-1.17
-1.06
-0.823
-0.74
-0.552
-0.479
-0.36
-0.199
-0.047
0.2236
0.4392
0.8669
1.067
1.536
1.939
2.57
3.155
3.517
4
4
4
4
4
4
4
4
4
4
4
4
4
3.547
3.056
2.301
1.882
1.61
1.587
1.62
1.771
1.816
1.775
1.726
1.601
1.536
1.341
1.26
1.104
1.025
0.9478
0.8191
0.7537
0.6257
0.522
0.3345
0.2031
-0.014
-0.171
-0.424
-0.583
-0.814
-1.01
-1.19
-1.4
-1.55
-1.73
-1.89
-2.09
-2.22
-2.4
-2.48
-2.57
-2.57
-2.52
-2.44
-2.32
-2.17
-2.04
-1.82
-1.69
-1.47
-1.34
-1.11
-0.91
-0.802
-0.687
-0.596
-0.427
-0.296
-0.079
0.1086
0.4446
0.7014
1.188
1.664
2.081
2.902
3.146
3.906
4
4
4
4
4
4
4
4
4
4
4
4
4
4
3.261
2.746
2.146
1.769
1.515
1.544
1.523
1.481
1.513
1.514
1.514
1.513
1.523
1.509
1.451
1.412
1.35
1.245
1.117
1.05
0.9128
0.7983
0.6555
0.5173
0.325
0.0518
-0.096
-0.369
-0.566
-0.86
-1.07
-1.36
-1.53
-1.79
-1.95
-2.15
-2.31
-2.41
-2.52
-2.56
-2.59
-2.57
-2.55
-2.5
-2.37
-2.25
-2
-1.69
-1.56
-1.26
-1.13
-0.976
-0.815
-0.587
-0.445
-0.223
-0.035
0.2991
0.655
0.9878
1.399
1.774
2.423
2.915
3.7
4
4
4
4
4
4
4
4
4
4
4
4
4
4
3.262
2.431
2.027
1.602
1.481
1.328
1.291
1.297
1.292
1.329
1.342
1.362
1.345
1.311
1.234
1.15
1.048
0.9736
0.8743
0.7751
0.6404
0.5388
0.3428
0.2234
0.0012
-0.218
-0.397
-0.668
-0.815
-1.07
-1.24
-1.52
-1.65
-1.87
-1.98
-2.18
-2.31
-2.36
-2.43
-2.4
-2.36
-2.28
-2.26
-1.98
-1.89
-1.7
-1.49
-1.24
-1.12
-0.896
-0.804
-0.626
-0.476
-0.167
0.0161
0.3972
0.7268
1.233
1.836
2.301
3.023
3.567
4
4
4
4
4
4
4
4
4
4
4
4
4
4
3.503
2.752
2.528
2.146
1.823
1.68
1.621
1.493
1.458
1.374
1.308
1.27
1.163
1.071
0.916
0.6582
0.4783
0.2039
0.0164
-0.333
-0.576
-0.899
-1.15
-1.44
-1.61
-1.83
-2.02
-2.15
-2.29
-2.4
-2.52
-2.58
-2.71
-2.75
-2.75
-2.72
-2.59
-2.47
-2.22
-2.09
-1.86
-1.55
-1.45
-1.1
-0.852
-0.473
-0.22
0.2378
0.7822
1.177
1.83
2.282
2.93
3.354
3.926
4
4
4
4
4
4
3.74
3.501
3.119
2.865
2.522
2.302
2.041
1.908
1.763
1.71
1.729
1.78
1.827
1.92
1.952
1.988
2.028
2.042
2.025
1.984
1.913
1.858
1.751
1.675
1.538
1.498
1.323
1.252
1.124
1.06
0.9109
0.812
0.7402
0.624
0.5728
0.4741
0.4265
0.3611
0.3142
0.2627
0.2051
0.1089
0.1096
0.0139
0.0098
-0.082
-0.136
-0.163
-0.203
-0.213
-0.216
-0.218
-0.22
-0.192
-0.179
-0.126
-0.116
-0.068
-0.026
0.0244
0.0532
0.1174
0.1531
0.2249
0.334
0.3625
0.4824
0.5503
0.7161
0.7715
0.9089
1.008
1.165
1.242
1.343
1.453
1.502
1.536
1.563
1.601
1.557
1.535
1.532
1.483
1.476
1.651
2.095
1.83
1.334
1.51
1.931
2.072
2.398
2.527
2.557
2.492
2.332
2.101
1.98
1.846
1.736
1.603
1.527
1.438
1.458
1.439
1.43
1.474
1.514
1.514
1.526
1.51
1.547
1.568
1.632
1.692
1.764
1.824
1.906
1.881
1.907
1.893
1.926
1.936
1.95
1.965
1.951
1.957
1.91
1.928
1.878
1.828
1.726
1.665
1.579
1.532
1.438
1.411
1.351
1.325
1.242
1.199
1.124
1.041
0.9763
0.8831
0.8232
0.7356
0.6494
0.5588
0.501
0.3718
0.3062
0.1848
0.0657
-0.004
-0.116
-0.211
-0.336
-0.408
-0.533
-0.602
-0.722
-0.747
-0.924
-1.09
-1.23
-1.31
-1.43
-1.55
-1.61
-1.7
-1.72
-1.77
-1.78
-1.82
-1.84
-1.82
-1.81
-1.8
-1.77
-1.8
-1.57
-1.64
-1.49
-1.41
-1.35
-1.13
-1.05
-0.903
-0.679
-0.351
-0.066
0.4832
0.8408
1.47
1.952
2.761
3.759
4
4
4
4
4
4
4
4
4
4
4
4
4
4
3.734
3.156
2.555
2.231
1.709
1.648
1.66
1.732
1.911
2.044
2.059
2.035
1.966
1.853
1.714
1.646
1.462
1.355
1.254
1.111
0.9636
0.8757
0.7314
0.6504
0.4941
0.387
0.2239
0.1047
-0.095
-0.204
-0.425
-0.646
-0.804
-1.05
-1.2
-1.43
-1.57
-1.77
-1.88
-2.05
-2.15
-2.28
-2.36
-2.4
-2.42
-2.42
-2.36
-2.3
-2.16
-2.08
-1.88
-1.75
-1.58
-1.37
-1.24
-1.06
-0.951
-0.792
-0.696
-0.513
-0.377
-0.118
0.0901
0.4194
0.8989
1.196
1.667
2.166
2.982
3.334
4
4
4
4
4
4
4
4
4
4
4
4
4
4
3.571
2.854
2.292
2.033
1.657
1.594
1.601
1.58
1.619
1.652
1.677
1.647
1.607
1.565
1.525
1.42
1.362
1.21
1.125
0.9536
0.8474
0.6289
0.4614
0.1868
-0.074
-0.25
-0.494
-0.635
-0.826
-0.939
-1.12
-1.23
-1.39
-1.51
-1.65
-1.75
-1.83
-1.93
-1.99
-2.05
-2.07
-2.11
-2.07
-2.03
-1.99
-1.81
-1.77
-1.68
-1.56
-1.51
-1.41
-1.34
-1.17
-1.05
-0.823
-0.657
-0.348
0.0603
0.3435
0.813
1.215
1.839
2.332
2.994
3.485
4
4
4
4
4
4
4
4
4
4
4
4
4
3.728
3.327
2.551
2.015
1.746
1.56
1.472
1.375
1.437
1.449
1.483
1.514
1.59
1.582
1.554
1.521
1.427
1.344
1.196
1.083
0.8843
0.7795
0.5803
0.4863
0.2869
0.1155
-0.02
-0.204
-0.34
-0.513
-0.644
-0.8
-0.912
-1.08
-1.15
-1.29
-1.41
-1.53
-1.64
-1.7
-1.79
-1.83
-1.88
-1.86
-1.82
-1.79
-1.66
-1.58
-1.48
-1.36
-1.29
-1.16
-1.08
-0.924
-0.818
-0.644
-0.5
-0.245
0.0176
0.2949
0.7983
1.143
1.764
2.289
3.016
3.468
4
4
4
4
4
4
4
4
4
4
4
4
4
4
3.301
2.865
2.325
2.163
1.929
1.942
1.852
1.906
1.765
1.751
1.704
1.657
1.636
1.57
1.516
1.44
1.349
1.239
1.151
0.9988
0.8872
0.7148
0.5264
0.4492
0.26
0.1445
-0.037
-0.198
-0.49
-0.57
-0.852
-1.01
-1.26
-1.51
-1.66
-1.87
-1.99
-2.16
-2.28
-2.38
-2.4
-2.44
-2.41
-2.39
-2.26
-2.2
-2.03
-1.87
-1.68
-1.47
-1.29
-1.16
-0.911
-0.842
-0.638
-0.435
-0.28
-0.071
0.1584
0.4763
0.7773
1.153
1.472
2.009
2.39
3.074
3.731
4
4
4
4
4
4
4
4
4
4
4
4
3.891
3.381
2.649
2.205
1.711
1.389
1.175
1.097
1.035
1.059
1.138
1.202
1.252
1.321
1.331
1.35
1.338
1.283
1.156
1.088
0.989
0.9006
0.6985
0.6091
0.3772
0.2639
0.0391
-0.124
-0.349
-0.534
-0.778
-0.945
-1.18
-1.44
-1.58
-1.83
-1.93
-2.1
-2.18
-2.24
-2.27
-2.28
-2.25
-2.23
-1.93
-1.94
-1.77
-1.51
-1.42
-1.28
-1.11
-0.997
-0.781
-0.642
-0.328
0.0752
0.2612
0.7559
1.165
1.843
2.436
3.27
3.917
4
4
4
4
4
4
4
4
4
4
4
4
3.751
2.979
2.271
1.848
1.198
1.188
0.9927
0.939
1.048
1.085
1.12
1.188
1.207
1.319
1.332
1.361
1.348
1.327
1.281
1.191
1.128
0.9561
0.8835
0.6687
0.4692
0.3105
0.0342
-0.147
-0.462
-0.678
-0.992
-1.18
-1.45
-1.6
-1.8
-1.98
-2.1
-2.22
-2.29
-2.36
-2.38
-2.37
-2.37
-2.31
-2.21
-2.12
-1.9
-1.75
-1.55
-1.42
-1.25
-1.11
-0.931
-0.787
-0.577
-0.467
-0.223
0.0688
0.2905
0.7231
1.01
1.525
1.919
2.547
3.025
3.737
4
4
4
4
4
4
4
4
4
4
4
4
3.939
3.26
2.895
2.386
2.058
1.934
1.754
1.666
1.686
1.682
1.653
1.616
1.571
1.549
1.501
1.448
1.336
1.258
1.078
0.9688
0.7532
0.6318
0.394
0.1321
-0.012
-0.283
-0.469
-0.737
-0.889
-1.14
-1.3
-1.56
-1.66
-1.87
-2.05
-2.14
-2.26
-2.32
-2.4
-2.42
-2.41
-2.36
-2.31
-2.21
-2.07
-1.87
-1.68
-1.6
-1.35
-1.06
-1.02
-0.657
-0.514
-0.299
-0.037
0.3962
0.9353
1.287
1.964
2.355
2.933
3.42
3.934
4
4
4
4
4
4
4
4
3.728
3.483
3.052
2.61
2.148
1.93
1.703
1.615
1.526
1.459
1.419
1.374
1.388
1.418
1.479
1.465
1.518
1.575
1.627
1.698
1.652
1.661
1.62
1.556
1.479
1.401
1.323
1.267
1.195
1.101
1.048
0.9617
0.917
0.8489
0.8147
0.7634
0.7146
0.6204
0.6079
0.5532
0.4873
0.4551
0.4041
0.3376
0.3027
0.2695
0.238
0.2014
0.1931
0.1975
0.1609
0.1838
0.1572
0.1733
0.1758
0.1938
0.21
0.2546
0.2798
0.343
0.3855
0.4673
0.5122
0.5999
0.6597
0.7385
0.7598
0.7793
0.7903
0.8501
0.8157
0.8281
0.8167
0.8191
0.8074
0.7905
0.8269
0.7944
0.8076
0.8174
0.8013
0.8035
0.812
0.7874
0.8179
0.7964
0.7878
0.8215
0.8477
0.8677
0.8752
0.9055
0.8931
0.9021
0.9163
0.9045
0.9497
0.9546
0.9709
1.017
1.042
1.089
1.126
1.208
1.249
1.344
1.396
1.506
1.622
1.67
2.026
2.076
2.05
2.145
2.294
2.299
2.364
2.384
2.338
2.254
2.139
2.009
1.943
1.925
1.979
2.049
2.139
2.156
2.21
2.284
2.336
2.303
2.346
2.288
2.219
2.16
2.081
2.029
1.977
1.939
1.878
1.801
1.72
1.623
1.552
1.431
1.363
1.201
1.143
0.9548
0.8354
0.718
0.5269
0.4136
0.2542
0.156
-0.022
-0.147
-0.313
-0.414
-0.526
-0.591
-0.675
-0.729
-0.763
-0.795
-0.826
-0.88
-0.918
-0.969
-1.01
-1.06
-1.14
-1.19
-1.28
-1.32
-1.36
-1.36
-1.33
-1.3
-1.26
-1.2
-1.1
-1.07
-0.957
-0.88
-0.83
-0.715
-0.659
-0.552
-0.481
-0.34
-0.242
-0.037
0.1023
0.405
0.741
1.133
1.734
2.073
2.854
3.231
3.993
4
4
4
4
4
4
4
4
4
4
4
3.844
3.395
2.902
2.28
1.722
1.437
1.182
1.201
1.156
1.211
1.253
1.28
1.301
1.332
1.332
1.317
1.322
1.268
1.219
1.127
1.065
0.8992
0.7893
0.6199
0.4978
0.293
0.1377
-0.014
-0.188
-0.31
-0.444
-0.533
-0.661
-0.741
-0.87
-0.946
-1.08
-1.18
-1.32
-1.44
-1.5
-1.56
-1.58
-1.57
-1.55
-1.44
-1.39
-1.24
-1.16
-1.02
-0.9
-0.808
-0.635
-0.544
-0.375
-0.259
-0.125
-0.021
0.1633
0.3013
0.5806
0.9563
1.221
1.704
2.035
2.626
3.063
3.862
4
4
4
4
4
4
4
2.771
2.617
4
4
4
4
3.423
1.917
1.532
1.51
1.382
1.444
1.493
1.448
1.436
1.456
1.493
1.527
1.468
1.405
1.336
1.244
1.169
1.072
0.9819
0.8513
0.7329
0.573
0.4521
0.2544
0.0608
-0.074
-0.274
-0.417
-0.638
-0.799
-0.947
-1.1
-1.23
-1.35
-1.42
-1.53
-1.57
-1.66
-1.71
-1.75
-1.76
-1.76
-1.72
-1.62
-1.58
-1.36
-1.26
-1.12
-0.943
-0.842
-0.646
-0.546
-0.35
-0.159
0.157
0.3972
0.7849
1.206
1.57
2.115
2.494
3.108
3.552
4
4
4
4
4
4
4
4
4
4
4
3.799
3.44
2.936
2.575
2.144
1.803
1.592
1.348
1.231
1.158
1.098
1.058
1.016
0.9561
0.9546
0.9004
0.8789
0.7932
0.7773
0.7234
0.6731
0.6272
0.5562
0.4902
0.4099
0.3408
0.1938
0.0898
-0.003
-0.107
-0.187
-0.317
-0.411
-0.531
-0.601
-0.689
-0.767
-0.854
-0.943
-1.02
-1.1
-1.16
-1.25
-1.33
-1.31
-1.34
-1.4
-1.22
-1.28
-1.12
-0.981
-0.936
-0.808
-0.628
-0.522
-0.299
-0.118
0.1357
0.3496
0.657
0.9968
1.164
1.499
1.679
1.914
2.081
2.281
2.416
2.591
2.578
2.737
2.719
2.719
2.703
2.642
2.518
2.379
2.226
2.062
2.264
2.393
1.665
1.203
1.616
1.445
1.641
2.353
1.868
1.434
1.5
1.54
1.215
4
0.2368
-0.679
2.268
1.771
1.868
2.271
1.333
1.146
1.071
0.7395
0.655
0.6997
0.8035
0.9014
0.9343
0.9041
0.8477
1.04
0.9512
0.801
0.8259
0.7773
0.7244
0.7012
0.6755
0.6594
0.6882
1.296
1.087
0.9629
1.151
0.9827
1.008
1.006
0.9465
0.9553
0.9675
0.9722
1.016
1.083
1.107
1.135
1.135
1.12
1.112
1.123
1.302
1.364
1.003
0.9739
1.066
1.106
1.085
1.023
1.044
1.076
1.049
1.005
0.9888
1.017
1.022
1.019
1.009
1.017
1.023
1.01
1.015
1.047
1.028
1.129
0.6509
0.9409
1.067
1.326
0.9407
0.9998
1.043
1.059
1.027
1.064
1.005
1
1.006
1.092
1.175
1.005
0.9363
1.222
1.02
0.8892
0.96
0.8782
0.9436
1.071
0.9724
1.049
0.9724
0.9756
0.949
1.01
1.087
1.09
1.08
1.499
1.579
0.9841
0.9294
1.077
0.9902
0.9585
0.9155
0.9019
0.9243
0.9363
0.9031
0.9023
0.9348
0.968
0.9868
0.9905
0.9902
0.9985
0.9924
0.968
0.9497
0.9285
0.9189
0.916
0.907
0.9136
0.9194
0.929
0.9556
0.9619
0.978
0.9736
0.9814
0.9836
0.9646
0.9617
0.967
0.959
0.9702
0.9946
1.036
1.06
1.069
1.099
1.032
0.9768
1.013
1.035
1.035
1.034
1.09
1.101
1.084
1.084
1.05
1.052
1.07
1.088
1.071
1.079
1.067
1.047
1.032
1.045
1.055
1.06
1.057
1.046
1.026
1.02
1.027
1.026
1.034
1.024
1.016
1.01
1.009
1.011
0.9961
0.989
0.9868
0.9902
0.9805
0.9885
0.9841
0.9722
0.9797
0.9805
0.9829
0.9871
0.9763
0.9836
0.9834
0.9919
0.9985
0.9912
1.01
1.006
1.013
1.013
1.005
1.016
1.016
1.032
1.029
1.02
1.028
1.03
1.042
1.046
1.04
1.042
1.033
1.039
1.029
1.042
1.047
1.044
1.041
1.042
1.031
1.034
1.033
1.029
1.026
1.03
1.029
1.02
1.031
1.028
1.012
1.016
1.018
1.011
1.003
1.011
1.006
1.004
1.009
0.9956
1.007
1.007
1.004
1.001
0.9993
1.004
1.002
1.004
1.009
1.01
1
1.012
1.008
1.021
1.012
1.015
1.02
1.024
1.016
1.014
1.009
1.016
1.025
1.027
1.028
1.032
1.019
1.022
1.027
1.032
1.033
1.042
1.042
1.037
1.008
1.007
0.9922
0.999
1.032
1.007
1.041
1.032
1.002
1.016
1.02
1.01
1.019
1.033
1.036
1.007
1.005
1.009
0.9956
1.008
1.009
1.013
1.016
1.018
1.013
1.004
1.013
1.01
1.007
1.023
1.019
1.022
1.014
1.017
1.018
1.017
1.016
1.019
1.011
1.017
1.007
1.014
1.014
1.029
1.038
1.027
1.027
1.028
1.017
1.025
1.021
1.02
1.033
1.038
1.012
1.017
1.022
1.031
1.021
1.017
1.023
1.018
1.028
1.03
1.016
1.016
1.021
1.025
1.016
1.016
1.012
1.014
1.013
1.015
1.013
1.016
1.018
1.004
1.022
1.006
1.013
1.018
1.017
1.017
1.013
1.018
1.011
1.011
1.022
1.017
1.013
1.02
1.018
1.018
1.018
1.013
1.015
1.023
1.013
1.014
1.011
1.026
1.028
1.027
1.019
1.019
1.013
1.022
1.018
1.022
1.024
1.023
1.01
1.007
1.028
1.015
1.012
1.016
1.009
1.012
1.005
1.015
1.013
1.013
1.016
1.012
1.016
1.016
1.026
1.025
1.015
1.005
1.008
1.012
1.007
1.016
1.016
1.004
1.012
1.029
1.019
1.02
1.021
1.023
1.021
1.032
1.025
1.025
1.024
1.027
1.021
1.024
1.027
1.03
1.018
1.026
1.017
1.021
1.03
1.026
1.021
1.017
1.012
1.013
1.014
1.017
1.017
1.015
1.012
1.021
1.02
1.016
1.014
1.013
1.014
1.008
1.016
1.021
1.018
1.026
1.019
1.02
1.021
1.018
1.013
1.026
1.023
1.01
0.9976
1.016
1.018
1.026
1.024
1.023
1.025
1.024
1.016
1.018
1.023
1.011
1.027
1.007
1.009
1.015
1.023
1.02
1.018
1.01
1.018
1.017
1.006
1.017
1.021
1.018
1.017
1.018
1.023
1.023
1.009
1.014
1.012
1.004
1.026
1.007
1.023
1.028
1.021
1.016
1.028
1.017
1.026
1.019
1.008
1.007
1.024
1.026
1.029
1.019
1.019
1.052
1.034
0.9763
0.9834
1.014
1.032
0.9944
0.9968
1.022
1.071
1.062
1.028
1.027
1.03
1.03
0.9819
0.978
0.9983
1.005
0.9995
1.01
1.034
1.039
1.047
1.022
1.023
1.025
1.002
0.9961
0.9927
1.001
1.014
1.008
1.017
1.031
1.044
1.028
1.026
1.012
1.012
0.9988
1.005
1.007
1.01
1.021
1.018
1.015
1.032
1.044
1.019
1.027
1.014
1.013
1.005
1.009
1.007
1.016
1.029
1.037
1.028
1.037
1.025
1.013
1.015
1.011
1.012
1.002
1.013
1.014
1.016
1.029
1.031
1.029
1.017
1.019
1.016
1.019
1.007
1.008
1.009
1.017
1.02
1.015
1.025
1.02
1.02
1.019
1.01
1.012
1.011
1.008
1.013
1.024
1.008
1.024
1.031
1.028
1.023
1.021
1.016
1.019
1.013
1.009
1.015
1.013
1.01
1.02
1.016
1.022
1.031
1.03
1.015
1.018
1.007
1.012
1.005
1.01
1.024
1.021
1.013
1.024
1.031
1.018
1.014
1.019
1.011
1.013
1.006
1.018
1.017
1.015
1.02
1.028
1.018
1.028
1.012
1.021
1.019
1.009
1.01
1.017
1.017
1.027
1.018
1.02
1.021
1.026
1.019
1.019
1.015
1.01
1.016
1.012
1.015
1.019
1.017
1.024
1.005
1.017
1.021
1.015
1.01
1.013
1.023
1.022
1.017
1.012
1.017
1.022
1.018
1.017
1.025
1.025
1.021
1.025
1.016
1.022
1.02
1.006
1.024
1.026
1.028
1.014
1.017
1.018
1.018
1.018
1.01
1.028
1.02
1.016
1.022
1.029
1.017
1.018
1.02
1.02
1.002
1.009
1.016
1.012
1.008
1.005
1.011
1.015
1.022
1.022
1.02
1.022
1.013
1.023
1.013
1.01
1.013
1.011
1.019
1.021
1.024
1.019
1.021
1.012
1.027
1.02
1.014
1.016
1.023
1.018
1.025
1.02
1.025
1.021
1.019
1.015
1.013
1.013
1.022
1.017
1.015
1.021
1.015
1.009
1.014
1.019
1.018
1.02
1.018
1.021
1.01
1.013
1.023
1.017
1.022
1.017
1.018
1.022
1.018
1.025
1.02
1.025
1.022
1.01
1.007
1.015
1.023
1.019
1.016
1.016
1.024
1.022
1.017
1.018
1.014
1.012
1.016
1.019
1.013
1.02
1.016
1.021
1.025
1.025
1.022
1.015
1.01
1.014
1.016
1.02
1.019
1.023
1.02
1.015
1.019
1.015
1.017
1.02
1.012
1.01
1.027
1.019
1.011
1.016
1.016
1.015
1.014
1.018
1.016
1.015
1.02
1.019
1.016
1.021
1.021
1.016
1.01
1.026
1.025
1.024
1.016
1.012
1.026
1.023
1.015
1.022
1.014
1.008
1.019
1.011
1.027
1.022
1.016
1.018
1.025
1.013
1.034
1.02
1.012
1.009
1.021
1.027
1.02
1.02
1.02
1.019
1.015
1.015
1.023
1.016
1.012
1.013
1.02
1.019
1.022
1.015
1.022
1.025
1.026
1.019
1.018
1.01
1.001
1.014
1.022
1.013
1.02
1.021
1.021
1.024
1.019
1.018
1.02
1.017
1.021
1.025
1.025
1.025
1.023
1.022
1.024
1.016
1.019
1.019
1.011
1.02
1.02
1.017
1.023
1.026
1.016
1.015
1.012
1.021
1.02
1.023
1.011
1.02
1.017
1.013
1.02
1.017
1.023
1.016
1.011
1.02
1.019
1.016
1.018
1.015
1.021
1.016
1.017
1.017
1.03
1.01
1.013
1.021
1.015
1.014
1.023
1.003
1.014
1.02
1.018
1.013
1.014
1.018
1.024
1.033
1.021
1.011
1.018
1.023
1.012
1.015
1.009
1.014
1.028
1.027
1.014
1.017
1.014
1.017
1.024
1.025
1.017
1.016
1.027
1.014
1.021
1.013
1.017
1.011
1.017
1.012
1.011
1.008
1.013
1.024
1.023
1.021
1.026
1.02
1.021
1.006
1.015
1.014
1.007
1.02
1.015
1.01
1.015
1.021
1.014
1.018
1.016
1.014
1.014
1.017
1.01
1.021
1.017
1.012
1.015
1.012
1.014
1.023
1.019
1.016
1.013
1.007
1.013
1.017
1.018
1.008
1.015
1.019
1.023
1.021
1.025
1.014
1.021
1.018
1.016
1.026
1.021
1.01
1.015
1.013
1.018
1.02
1.012
1.017
1.02
1.02
1.021
1.014
1.013
1.021
1.022
1.018
1.019
1.022
1.02
1.018
1.01
1.028
1.021
1.018
1.016
1.022
1.007
1.015
1.027
