-0.636
-0.734
-0.795
-0.841
-0.85
-0.847
-0.884
-0.895
-0.926
-0.951
-1.01
-1.07
-1.15
-1.19
-1.3
-1.37
-1.49
-1.55
-1.66
-1.73
-1.75
-1.75
-1.74
-1.69
-1.63
-1.56
-1.51
-1.48
-1.47
-1.44
-1.44
-1.43
-1.42
-1.42
-1.43
-1.42
-1.39
-1.38
-1.32
-1.29
-1.26
-1.22
-1.2
-1.13
-1.09
-1.02
-0.949
-0.847
-0.775
-0.679
-0.601
-0.498
-0.399
-0.226
-0.019
0.0945
0.3367
0.4651
0.6924
0.7341
0.7883
0.8333
0.8845
0.9001
0.9475
0.9663
0.9512
0.9502
0.9324
0.9014
0.9065
0.8618
0.8486
0.8545
0.8533
0.9038
0.9463
1.055
1.144
1.228
1.387
1.437
1.535
1.576
1.703
1.671
1.751
1.821
1.838
1.914
1.932
1.919
1.857
1.815
1.776
1.672
1.571
1.434
1.355
1.206
1.113
1.036
1.041
0.9978
0.908
0.8787
0.7544
0.6509
0.5039
0.478
0.4033
0.3816
0.3071
0.2324
0.2119
0.2295
0.1992
0.2285
0.1995
0.1589
0.1184
0.0247
-0.028
-0.094
-0.138
-0.185
-0.299
-0.401
-0.509
-0.621
-0.697
-0.73
-0.739
-0.764
-0.785
-0.798
-0.866
-0.959
-1.04
-1.19
-1.3
-1.48
-1.59
-1.73
-1.77
-1.79
-1.77
-1.71
-1.63
-1.56
-1.48
-1.43
-1.38
-1.34
-1.32
-1.33
-1.33
-1.33
-1.33
-1.32
-1.33
-1.33
-1.33
-1.31
-1.3
-1.25
-1.23
-1.19
-1.16
-1.1
-1.06
-1.03
-0.996
-0.958
-0.926
-0.882
-0.824
-0.747
-0.547
-0.381
-0.073
0.1235
0.502
0.7014
0.9839
1.239
1.367
1.538
1.536
1.464
1.445
1.38
1.297
1.211
1.156
1.09
1.031
1.112
1.2
1.279
1.371
1.439
1.552
1.621
1.706
1.749
1.79
1.818
1.822
1.824
1.833
1.779
1.738
1.738
1.705
1.604
1.535
1.417
1.318
1.206
1.122
1.065
1.042
1.015
0.978
0.9458
0.8613
0.8142
0.7163
0.624
0.4885
0.4153
0.27
0.0999
0.0315
-0.097
-0.196
-0.279
-0.343
-0.447
-0.516
-0.596
-0.643
-0.698
-0.748
-0.819
-0.875
-0.909
-0.954
-0.987
-1.03
-1.07
-1.16
-1.25
-1.41
-1.52
-1.67
-1.75
-1.86
-1.96
-2
-2
-2
-2
-2
-1.91
-1.85
-1.74
-1.67
-1.59
-1.51
-1.48
-1.42
-1.39
-1.37
-1.35
-1.34
-1.34
-1.32
-1.31
-1.28
-1.23
-1.15
-1
-0.876
-0.661
-0.49
-0.234
-0.065
0.1418
0.2437
0.3254
0.3982
0.5081
0.5132
0.4326
0.416
0.4138
0.436
0.4421
0.5476
0.6069
0.6707
0.6921
0.8176
0.895
0.9976
1.095
1.153
1.254
1.308
1.408
1.448
1.441
1.515
1.507
1.526
1.529
1.561
1.508
1.466
1.42
1.328
1.315
1.229
1.191
1.12
1.093
1.096
1.057
1.089
1.061
1.038
0.9956
1.027
0.9731
0.9937
0.9846
0.9854
0.9634
0.938
0.9202
0.8281
0.7671
0.6663
0.5938
0.5532
0.5146
0.3926
0.3276
0.1694
0.04
-0.174
-0.327
-0.523
-0.703
-0.801
-0.906
-0.945
-0.966
-0.97
-0.942
-0.935
-0.908
-0.919
-0.908
-0.934
-0.906
-0.962
-0.983
-1.05
-1.11
-1.19
-1.23
-1.31
-1.35
-1.41
-1.46
-1.52
-1.58
-1.6
-1.61
-1.59
-1.54
-1.49
-1.4
-1.36
-1.29
-1.25
-1.19
-1.15
-1.12
-1.09
-1.07
-1.03
-1
-0.959
-0.922
-0.869
-0.821
-0.764
-0.745
-0.706
-0.677
-0.645
-0.535
-0.448
-0.3
-0.193
-0.022
0.0891
0.2236
0.3
0.427
0.5015
0.5063
0.4863
0.4478
0.4036
0.4041
0.4182
0.4446
0.4932
0.5225
0.5884
0.6089
0.6816
0.7495
0.7847
0.8408
0.8977
0.9417
0.9844
1.036
1.092
1.177
1.19
1.291
1.388
1.431
1.508
1.547
1.621
1.619
1.598
1.642
1.632
1.609
1.604
1.631
1.612
1.587
1.556
1.529
1.523
1.451
1.386
1.296
1.272
1.174
1.128
0.99
0.8669
0.7649
0.6416
0.5261
0.3455
0.2639
0.1396
0.0654
-0.073
-0.156
-0.273
-0.346
-0.408
-0.439
-0.453
-0.503
-0.52
-0.554
-0.584
-0.621
-0.646
-0.693
-0.735
-0.804
-0.861
-0.922
-1.04
-1.1
-1.18
-1.22
-1.28
-1.31
-1.38
-1.4
-1.43
-1.44
-1.47
-1.46
-1.46
-1.47
-1.46
-1.43
-1.42
-1.38
-1.41
-1.38
-1.4
-1.41
-1.41
-1.42
-1.43
-1.43
-1.41
-1.39
-1.36
-1.33
-1.27
-1.23
-1.17
-1.13
-1.07
-1.02
-0.976
-0.91
-0.882
-0.831
-0.774
-0.675
-0.601
-0.418
-0.257
-0.008
0.1067
0.292
0.4756
0.5784
0.7307
0.8108
0.9128
0.9482
0.9685
0.9739
0.8486
0.9583
0.835
0.762
0.7261
0.7134
0.6938
0.6599
0.6777
0.6956
0.7954
0.8459
0.9539
1.069
1.142
1.244
1.401
1.43
1.408
1.484
1.429
1.403
1.347
1.338
1.296
1.236
1.268
1.239
1.222
1.214
1.198
1.187
1.152
1.08
0.9907
0.9231
0.8599
0.7676
0.7188
0.6328
0.5635
0.5015
0.3325
0.2415
0.2632
0.231
0.2661
0.1956
0.1733
0.1016
0.0791
0.0354
0.0229
0.0229
0.0161
-0.038
-0.002
-0.028
-0.035
-0.089
-0.14
-0.233
-0.302
-0.441
-0.574
-0.64
-0.753
-0.792
-0.9
-0.922
-1.02
-1.05
-1.09
-1.11
-1.12
-1.13
-1.14
-1.15
-1.16
-1.18
-1.2
-1.25
-1.28
-1.32
-1.38
-1.4
-1.43
-1.46
-1.48
-1.5
-1.51
-1.49
-1.47
-1.45
-1.39
-1.35
-1.3
-1.27
-1.24
-1.2
-1.18
-1.15
-1.13
-1.1
-1.08
-1.03
-0.983
-0.877
-0.78
-0.645
-0.554
-0.414
-0.268
-0.173
-0.059
-0.009
0.0588
0.0776
0.0957
0.094
0.1133
0.1191
0.1104
0.1133
0.1201
0.1948
0.2473
0.29
0.2517
0.2078
0.1877
0.2056
0.2163
0.2612
0.2998
0.3721
0.45
0.4795
0.6287
0.6699
0.7554
0.8196
0.9141
0.9702
1.039
1.082
1.157
1.188
1.279
1.25
1.317
1.303
1.313
1.309
1.317
1.324
1.278
1.255
1.274
1.197
1.175
1.149
1.073
1.032
1.011
0.9902
0.927
0.9045
0.8667
0.9019
0.884
0.9163
0.908
0.918
0.8755
0.8076
0.7307
0.6143
0.5273
0.4187
0.3589
0.2578
0.1628
0.0088
-0.157
-0.285
-0.454
-0.548
-0.659
-0.666
-0.722
-0.73
-0.723
-0.707
-0.707
-0.727
-0.761
-0.816
-0.87
-0.975
-1.05
-1.17
-1.25
-1.34
-1.41
-1.49
-1.54
-1.61
-1.67
-1.7
-1.74
-1.73
-1.75
-1.74
-1.73
-1.69
-1.64
-1.61
-1.59
-1.58
-1.56
-1.55
-1.55
-1.54
-1.54
-1.51
-1.5
-1.46
-1.44
-1.38
-1.33
-1.25
-1.15
-1.09
-0.977
-0.878
-0.731
-0.623
-0.476
-0.349
-0.113
0.0608
0.2358
0.3425
0.4788
0.627
0.7122
0.8291
0.9143
0.958
0.9951
1.034
1.037
1.031
1.004
0.9597
0.9263
0.8794
0.8435
0.865
0.8818
0.8745
0.9978
0.9985
1.126
1.17
1.309
1.329
1.333
1.416
1.384
1.344
1.324
1.285
1.231
1.179
1.099
1.039
0.967
0.8606
0.8035
0.7903
0.6929
0.7075
0.6707
0.6521
0.6089
0.5718
0.4656
0.3701
0.345
0.3271
0.2925
0.2273
0.1804
0.0938
-0.005
-0.086
-0.179
-0.168
-0.224
-0.272
-0.333
-0.399
-0.497
-0.54
-0.633
-0.679
-0.739
-0.792
-0.86
-0.911
-0.976
-1.02
-1.06
-1.1
-1.17
-1.26
-1.3
-1.4
-1.46
-1.49
-1.55
-1.59
-1.64
-1.7
-1.72
-1.7
-1.67
-1.66
-1.65
-1.64
-1.6
-1.56
-1.48
-1.42
-1.33
-1.29
-1.21
-1.18
-1.14
-1.11
-1.1
-1.06
-1.03
-0.971
-0.908
-0.784
-0.672
-0.512
-0.373
-0.183
0.0105
0.1196
0.3479
0.5105
0.6787
0.7827
0.8193
0.843
0.8518
0.8586
0.8162
0.7805
0.6995
0.6287
0.5933
0.5686
0.5747
0.5894
0.606
0.6572
0.7136
0.8208
0.9644
1.037
1.243
1.288
1.385
1.421
1.471
1.512
1.413
1.387
1.355
1.268
1.194
1.117
1.004
0.927
0.8909
0.8176
0.7827
0.7397
0.7205
0.7041
0.6667
0.627
0.6338
0.5762
0.5503
0.543
0.5066
0.4915
0.4155
0.4258
0.3767
0.3428
0.2656
0.2075
0.0576
-0.086
-0.3
-0.496
-0.618
-0.789
-0.882
-0.996
-1.06
-1.14
-1.17
-1.19
-1.2
-1.19
-1.19
-1.19
-1.2
-1.22
-1.24
-1.28
-1.35
-1.41
-1.51
-1.58
-1.69
-1.75
-1.86
-1.95
-1.98
-2
-2
-2
-2
-1.92
-1.85
-1.76
-1.72
-1.65
-1.57
-1.53
-1.49
-1.46
-1.43
-1.4
-1.36
-1.32
-1.21
-1.13
-0.97
-0.832
-0.6
-0.362
-0.192
0.0186
0.1108
0.2214
0.2659
0.2847
0.28
0.2302
0.1899
0.1353
0.104
0.1245
0.1228
0.1033
0.1147
0.1328
0.2007
0.27
0.3982
0.4998
0.6421
0.7722
0.8816
0.9995
1.071
1.16
1.187
1.205
1.225
1.281
1.22
1.284
1.239
1.226
1.203
1.288
1.252
1.247
1.28
1.237
1.207
1.182
1.127
1.12
1.055
1.052
1.029
1.041
1.018
1.004
0.9851
0.9595
0.9419
0.9231
0.8926
0.8833
0.8479
0.79
0.7197
0.6353
0.481
0.4231
0.3535
0.2808
0.1633
0.0452
-0.071
-0.222
-0.382
-0.479
-0.5
-0.495
-0.527
-0.565
-0.612
-0.625
-0.65
-0.693
-0.732
-0.779
-0.824
-0.914
-0.986
-1.03
-1.05
-1.09
-1.13
-1.18
-1.22
-1.31
-1.44
-1.52
-1.64
-1.73
-1.84
-1.91
-1.94
-1.97
-1.99
-1.97
-1.92
-1.86
-1.83
-1.77
-1.71
-1.64
-1.58
-1.54
-1.48
-1.45
-1.41
-1.37
-1.33
-1.31
-1.23
-1.16
-1.02
-0.853
-0.742
-0.564
-0.455
-0.321
-0.249
-0.182
-0.164
-0.171
-0.197
-0.229
-0.24
-0.227
-0.185
-0.119
0.009
0.1672
0.3762
0.4458
0.5674
0.6296
0.7258
0.8115
0.9106
0.9761
0.9941
1.049
1.072
1.129
1.138
1.15
1.161
1.178
1.206
1.271
1.269
1.384
1.417
1.478
1.519
1.652
1.621
1.656
1.729
1.715
1.713
1.719
1.704
1.619
1.596
1.566
1.496
1.439
1.401
1.349
1.291
1.186
1.154
1.075
1.021
0.9551
0.865
0.7654
0.6582
0.5427
0.425
0.3198
0.2419
0.1829
0.1306
0.092
-0.055
-0.125
-0.176
-0.301
-0.348
-0.443
-0.492
-0.606
-0.632
-0.723
-0.79
-0.906
-1.04
-1.11
-1.21
-1.26
-1.29
-1.31
-1.31
-1.36
-1.38
-1.43
-1.45
-1.47
-1.48
-1.49
-1.5
-1.52
-1.53
-1.55
-1.57
-1.59
-1.62
-1.67
-1.71
-1.7
-1.67
-1.62
-1.54
-1.44
-1.36
-1.28
-1.22
-1.18
-1.14
-1.1
-1.05
-0.997
-0.954
-0.883
-0.815
-0.705
-0.575
-0.486
-0.347
-0.238
-0.047
0.0852
0.3079
0.437
0.5957
0.675
0.7695
0.8264
0.8694
0.9668
1.009
1.068
0.9854
0.9429
0.9255
0.9575
0.9912
1.089
1.11
1.162
1.21
1.265
1.316
1.341
1.376
1.407
1.461
1.489
1.535
1.547
1.55
1.606
1.547
1.538
1.538
1.505
1.5
1.499
1.509
1.465
1.42
1.393
1.377
1.279
1.191
1.104
1.035
0.9578
0.8367
0.7722
0.6567
0.5986
0.4478
0.4016
0.3096
0.239
0.2056
0.2048
0.2324
0.2378
0.2478
0.2292
0.2117
0.1428
0.1064
0.0193
-0.062
-0.133
-0.277
-0.383
-0.565
-0.684
-0.842
-0.925
-1.02
-1.08
-1.14
-1.17
-1.27
-1.31
-1.4
-1.46
-1.51
-1.55
-1.58
-1.61
-1.65
-1.67
-1.69
-1.69
-1.69
-1.69
-1.69
-1.66
-1.6
-1.55
-1.47
-1.41
-1.34
-1.3
-1.26
-1.23
-1.2
-1.16
-1.12
-1.07
-1.04
-0.979
-0.934
-0.856
-0.802
-0.718
-0.652
-0.55
-0.476
-0.366
-0.271
-0.115
0.0693
0.2456
0.5459
0.6868
0.8179
0.8872
0.9978
1.082
1.215
1.365
1.416
1.496
1.529
1.616
1.682
1.705
1.72
2
1.959
1.92
1.575
1.642
1.61
1.872
1.876
1.967
1.919
1.912
2
2
2
2
2
2
1.893
1.732
1.643
1.46
1.356
1.236
1.199
1.105
1.007
0.9341
0.7942
0.6316
0.4749
0.3018
0.1819
0.0913
-0.002
-0.069
-0.209
-0.321
-0.549
-0.69
-0.89
-1.11
-1.2
-1.44
-1.51
-1.74
-1.83
-1.92
-1.98
-2
-2
-2
-2
-2
-2
-2
-2
-2
-2
-2
-2
-1.95
-1.82
-1.71
-1.55
-1.39
-1.29
-1.11
-1
-0.803
-0.677
1.304
1.802
0.7803
-0.142
-0.667
-0.091
0.3315
0.4158
0.1099
-0.054
0.3076
1.589
2
1.641
1.583
2
2
2
2
2
2
2
2
2
2
2
2
2
2
1.98
1.848
1.654
1.518
1.293
1.157
0.9407
0.8279
0.5464
0.4854
0.259
0.1702
-0.023
-0.166
-0.264
-0.408
-0.525
-0.689
-0.799
-0.988
-1.11
-1.32
-1.44
-1.68
-1.92
-2
-2
-2
-2
-2
-2
-2
-2
-2
-2
-2
-2
-2
-2
-2
-1.95
-1.69
-1.5
-1.24
-1.08
-0.837
-0.711
-0.493
-0.359
-0.156
0.0315
0.1619
0.3774
0.5173
0.7668
0.9475
1.235
1.41
1.651
1.819
2
2
2
2
2
2
2
2
2
2
2
2
2
2
2
1.93
1.734
1.602
1.374
1.256
1.095
1.012
0.9236
0.8438
0.7749
0.7146
0.572
0.467
0.3511
0.1523
0.0181
-0.164
-0.29
-0.468
-0.581
-0.731
-0.896
-1.01
-1.17
-1.27
-1.41
-1.48
-1.58
-1.67
-1.83
-1.95
-2
-2
-2
-2
-2
-2
-2
-2
-2
-2
-2
-2
-2
-1.95
-1.7
-1.52
-1.26
-1.06
-0.826
-0.649
-0.435
-0.283
-0.09
0.042
0.2563
0.4768
0.6331
0.8647
1.027
1.304
1.472
1.708
1.873
2
2
2
2
2
2
2
2
2
2
2
2
2
2
2
2
1.975
1.864
1.663
1.51
1.302
1.154
0.9443
0.8396
0.645
0.5283
0.3445
0.2576
0.0681
-0.093
-0.198
-0.378
-0.496
-0.675
-0.804
-0.987
-1.13
-1.36
-1.51
-1.76
-1.97
-2
-2
-2
-2
-2
-2
-2
-2
-2
-2
-2
-2
-2
-2
-2
-1.99
-1.77
-1.62
-1.34
-1.18
-0.877
-0.695
-0.447
-0.195
-0.032
0.219
0.3794
0.6238
0.7957
1.065
1.251
1.542
1.746
2
2
2
2
2
2
2
2
2
2
2
2
2
2
2
2
2
1.866
1.633
1.473
1.242
1.099
0.8945
0.7625
0.521
0.4343
0.2275
0.0579
-0.062
-0.215
-0.316
-0.509
-0.655
-0.888
-1.03
-1.24
-1.37
-1.6
-1.82
-1.96
-2
-2
-2
-2
-2
-2
-2
-2
-2
-2
-2
-2
-2
-2
-2
-1.86
-1.71
-1.48
-1.29
-1.04
-0.865
-0.621
-0.437
-0.318
-0.118
0.0146
0.2444
0.4109
0.677
0.8562
1.134
1.313
1.576
1.823
1.982
2
2
2
2
2
2
2
2
2
2
2
2
2
1.83
1.673
1.448
1.297
1.108
0.9619
0.7715
0.686
0.481
0.3308
0.2083
0.0496
-0.093
-0.291
-0.423
-0.631
-0.785
-1
-1.15
-1.39
-1.53
-1.74
-1.94
-2
-2
-2
-2
-2
-2
-2
-2
-2
-2
-2
-2
-2
-2
-2
-1.91
-1.67
-1.51
-1.21
-1.03
-0.748
-0.565
-0.311
-0.075
0.0557
0.2642
0.4119
0.6064
0.7581
1.024
1.219
1.526
1.712
2
2
2
2
2
2
2
2
2
2
2
2
2
2
2
2
1.895
1.795
1.638
1.542
1.431
1.358
1.249
1.171
1.057
0.9048
0.8152
0.5664
0.4707
0.2153
0.0564
-0.246
-0.464
-0.822
-1.06
-1.42
-1.66
-1.96
-2
-2
-2
-2
-2
-2
-2
-2
-2
-2
-2
-2
-2
-2
-2
-2
-2
-2
-1.83
-1.58
-1.4
-1.1
-0.884
-0.586
-0.276
-0.07
0.2529
0.4731
0.8047
1.03
1.313
1.517
1.755
1.923
2
2
2
2
2
2
2
2
2
2
2
2
2
2
2
2
2
2
1.853
1.721
1.504
1.36
1.131
0.9973
0.7727
0.6929
0.4639
0.3372
0.2078
0.0339
-0.119
-0.344
-0.518
-0.789
-0.976
-1.27
-1.45
-1.72
-1.98
-2
-2
-2
-2
-2
-2
-2
-2
-2
-2
-2
-2
-2
-2
-2
-2
-2
-2
-1.79
-1.59
-1.3
-1.08
-0.745
-0.417
-0.214
0.1138
0.3381
0.6313
0.8301
1.12
1.305
1.625
1.831
2
2
2
2
2
2
2
2
2
2
2
2
2
2
2
2
2
2
1.886
1.722
1.522
1.315
1.094
0.9399
0.7446
0.5332
0.3811
0.1428
-0.018
-0.256
-0.427
-0.686
-0.853
-1.08
-1.27
-1.44
-1.67
-1.81
-2
-2
-2
-2
-2
-2
-2
-2
-2
-2
-2
-2
-2
-2
-2
-2
-2
-2
-2
-2
-2
-2
-1.79
-1.51
-1.2
-0.954
-0.61
-0.386
-0.047
0.1543
0.4502
0.6094
0.8633
1.005
1.167
1.312
1.412
1.627
1.758
2
2
2
2
2
2
2
2
2
2
2
2
2
2
2
2
2
2
2
2
2
2
2
2
2
1.919
1.719
1.584
1.424
1.306
1.104
0.9294
0.7991
0.5957
0.4465
0.2522
0.1279
-0.057
-0.162
-0.311
-0.366
-0.591
-0.685
-0.856
-1.02
-1.12
-1.28
-1.36
-1.5
-1.59
-1.75
-1.85
-2
-2
-2
-2
-2
-2
-2
-2
-2
-2
-2
-2
-2
-2
-2
-2
-2
-2
-1.92
-1.77
-1.58
-1.45
-1.25
-1.12
-0.948
-0.823
-0.65
-0.435
-0.281
0.0356
0.2322
0.5591
0.7773
1.075
1.258
1.493
1.644
1.869
2
2
2
2
2
2
2
2
2
2
2
2
2
2
2
2
2
1.937
1.801
1.577
1.442
1.245
1.103
0.9219
0.772
0.5447
0.3408
0.1477
-0.057
-0.203
-0.458
-0.615
-0.829
-0.979
-1.17
-1.29
-1.46
-1.62
-1.73
-1.87
-1.97
-2
-2
-2
-2
-2
-2
-2
-2
-2
-2
-2
-2
-2
-2
-2
-2
-2
-2
-2
-2
-1.83
-1.66
-1.43
-1.28
-1.06
-0.93
-0.737
-0.617
-0.457
-0.366
-0.215
-0.107
-0.008
0.0935
0.2229
0.3899
0.5371
0.6846
0.7673
0.9543
1.093
1.354
1.529
1.73
1.906
2
2
2
2
2
2
2
2
2
2
2
2
2
2
2
2
2
2
2
2
2
2
1.841
1.714
1.64
1.558
1.511
1.399
1.329
1.218
1.113
0.9468
0.8223
0.603
0.4595
0.2458
0.0398
-0.07
-0.186
-0.258
-0.339
-0.402
-0.474
-0.552
-0.652
-0.735
-0.855
-0.939
-1.08
-1.21
-1.34
-1.52
-1.6
-1.76
-1.88
-2
-2
-2
-2
-2
-2
-2
-2
-2
-2
-2
-2
-2
-2
-2
-2
-2
-2
-2
-1.85
-1.6
-1.4
-1.17
-0.994
-0.731
-0.551
-0.293
-0.133
0.0583
0.2087
0.2898
0.4026
0.4863
0.5557
0.6177
0.7527
0.8665
1.053
1.201
1.319
1.421
1.606
1.835
2
2
2
2
2
2
2
2
2
2
2
2
2
2
2
2
2
2
1.851
1.771
1.612
1.516
1.341
1.156
1.043
0.8557
0.7368
0.5542
0.4294
0.2227
0.0659
-0.125
-0.374
-0.554
-0.801
-0.964
-1.24
-1.4
-1.66
-1.83
-2
-2
-2
-2
-2
-2
-2
-2
-2
-2
-2
-2
-2
-2
-2
-2
-2
-2
-1.85
-1.61
-1.28
-1.03
-0.638
-0.368
0.0186
0.2571
0.5735
0.8049
1.187
1.591
1.791
2
2
2
2
2
2
2
2
2
2
2
2
2
2
2
2
2
2
2
2
2
1.82
1.465
1.26
0.9597
0.7732
0.5188
0.2283
-0.046
-0.282
-0.645
-0.913
-1.29
-1.77
-2
-2
-2
-2
-2
-2
-2
-2
-2
-2
-2
-2
-2
-2
-2
-2
-2
-2
-2
-2
-2
-1.67
-0.834
0.0405
0.6335
1.571
2
2
2
2
2
2
2
2
2
2
2
2
2
2
2
2
2
2
2
2
2
2
2
1.768
1.437
0.9897
0.593
0.1343
-0.201
-0.69
-1.03
-1.52
-1.9
-2
-2
-2
-2
-2
-2
-2
-2
-2
-2
-2
-2
-2
-2
-2
-2
-2
-2
-2
-2
-2
-1.67
-1.08
-0.721
-0.073
0.7246
1.318
2
2
2
2
2
2
2
2
2
2
2
2
2
2
2
2
2
2
2
2
2
2
2
1.856
1.541
1.307
0.98
0.7664
0.283
0.043
-0.468
-0.776
-1.25
-1.69
-2
-2
-2
-2
-2
-2
-2
-2
-2
-2
-2
-2
-2
-2
-2
-2
-2
-2
-2
-2
-1.34
-0.772
0.1064
0.9912
1.499
2
2
2
2
2
2
2
2
2
2
2
2
2
2
2
2
2
2
2
2
2
2
1.874
1.564
0.9988
0.679
0.135
-0.186
-0.686
-0.983
-1.4
-1.66
-2
-2
-2
-2
-2
-2
-2
-2
-2
-2
-2
-2
-2
-2
-2
-2
-2
-2
-2
-2
-1.63
-1.19
-0.471
0.2671
0.7546
1.389
1.775
2
2
2
2
2
2
2
2
2
2
2
2
2
2
2
1.925
1.783
1.631
1.487
1.32
1.103
0.9504
0.7053
0.5432
0.2959
0.1409
-0.078
-0.195
-0.319
-0.385
-0.451
-0.482
-0.509
-0.506
-0.481
-0.433
-0.397
-0.338
-0.3
-0.252
-0.219
-0.164
-0.135
-0.098
-0.046
-0.018
0.0127
0.019
0.0205
0.0081
0.0034
-0.015
-0.042
-0.058
-0.063
-0.077
-0.092
-0.093
-0.089
-0.076
-0.068
-0.064
-0.073
-0.08
-0.1
-0.155
-0.193
-0.229
-0.264
-0.306
-0.349
-0.36
-0.354
-0.344
-0.327
-0.31
-0.285
-0.273
-0.257
-0.256
-0.235
-0.194
-0.167
-0.117
-0.096
-0.059
-0.036
-0.009
0.0073
0.031
0.0371
0.0417
0.0396
0.0378
0.0386
0.0447
0.0583
0.0647
0.0679
0.0654
0.0591
0.0569
0.0464
0.033
0.0198
0.009
0.0071
-0.012
-0.019
-0.021
-0.023
-0.03
-0.039
-0.043
-0.043
-0.047
-0.056
-0.049
-0.016
0.0068
0.042
0.0674
0.0972
0.1248
0.1577
0.1838
0.2126
0.2417
0.2556
0.2664
0.2717
0.2659
0.2607
0.2344
0.2119
0.1851
0.158
0.1338
0.0996
0.0864
0.0852
0.0383
0.0137
0.0149
0.0164
-0.006
0.0024
0.0168
0.0007
0.0022
0.0146
-0.016
-0.03
-0.069
-0.118
-0.182
-0.207
-0.271
-0.302
-0.328
-0.309
-0.374
-0.393
-0.405
-0.438
-0.449
-0.472
-0.494
-0.521
-0.538
-0.548
-0.57
-0.582
-0.574
-0.565
-0.571
-0.557
-0.518
-0.497
-0.484
-0.525
-0.462
-0.456
-0.412
-0.387
-0.354
-0.36
-0.328
-0.334
-0.29
-0.171
-0.122
0.0051
0.0876
0.2173
0.2935
0.3726
0.4109
0.426
0.4673
0.5015
0.55
0.5806
0.6409
0.678
0.7334
0.7488
0.7842
0.8367
0.8384
0.8718
0.8813
0.9084
0.9204
0.9856
1.06
1.099
1.124
1.235
1.241
1.311
1.332
1.385
1.391
1.396
1.392
1.371
1.322
1.269
1.217
1.177
1.139
1.07
1.042
0.9817
0.9822
0.9524
0.9309
0.8545
0.8264
0.7751
0.7173
0.6428
0.5818
0.4858
0.4309
0.2732
0.0969
-0.008
-0.147
-0.231
-0.357
-0.414
-0.477
-0.611
-0.721
-0.793
-0.823
-0.826
-0.832
-0.87
-0.887
-0.935
-0.968
-1.04
-1.1
-1.19
-1.24
-1.32
-1.33
-1.37
-1.42
-1.45
-1.51
-1.53
-1.55
-1.58
-1.6
-1.6
-1.61
-1.61
-1.63
-1.64
-1.63
-1.61
-1.6
-1.58
-1.55
-1.47
-1.4
-1.3
-1.24
-1.16
-1.1
-1.01
-0.917
-0.89
-0.821
-0.791
-0.736
-0.706
-0.659
-0.615
-0.515
-0.423
-0.267
-0.058
0.0352
0.2393
0.3391
0.5217
0.6204
0.6438
0.6543
0.6443
0.6375
0.6057
0.6196
0.5864
0.5608
0.5405
0.5779
0.5725
0.6121
0.6306
0.6921
0.731
0.8074
0.8647
0.9802
1.041
1.105
1.088
1.106
1.106
1.084
1.104
1.129
1.149
1.133
1.236
1.229
1.259
1.321
1.369
1.368
1.439
1.506
1.468
1.535
1.542
1.51
1.527
1.534
1.558
1.56
1.596
1.606
1.617
1.638
1.64
1.647
1.59
1.575
1.547
1.55
1.531
1.493
1.439
1.326
1.235
1.133
1.057
0.9116
0.8782
0.8506
0.8191
0.7781
0.7522
0.7244
0.6858
0.6743
0.6731
0.658
0.5974
0.5603
0.4443
0.3533
0.2104
-0.029
-0.089
-0.256
-0.323
-0.46
-0.493
-0.589
-0.58
-0.64
-0.656
-0.679
-0.717
-0.755
-0.789
-0.78
-0.846
-0.83
-0.882
-0.907
-0.937
-0.949
-1.05
-1.29
-1
-1.14
-0.844
-0.978
-1.28
-1.45
-1.46
-1.4
-1.43
-1.52
-1.59
-1.53
-1.34
-1.31
-1.29
-1.31
-1.23
-1.21
-1.19
-1.15
-1.07
-1.01
-0.933
-0.898
-0.813
-0.702
-0.642
-0.545
-0.49
-0.43
-0.407
-0.335
-0.285
-0.272
-0.242
-0.204
-0.154
-0.119
-0.063
-0.034
0.0027
0.0161
0.0166
0.0205
-0.005
-0.024
-0.039
-0.051
-0.058
-0.09
-0.111
-0.139
-0.153
-0.171
-0.167
-0.132
-0.107
-0.038
-0.001
0.0442
0.0862
0.1023
0.1228
0.124
0.1167
0.0911
0.022
-0.014
-0.067
-0.098
-0.13
-0.132
-0.151
-0.146
-0.141
-0.117
-0.119
-0.11
-0.114
-0.121
-0.134
-0.145
-0.14
-0.129
-0.127
-0.128
-0.116
-0.108
-0.058
-0.04
0.0254
0.1157
0.2292
0.3206
0.4485
0.5396
0.6431
0.7576
0.8237
0.8799
0.8901
0.9092
0.8909
0.8232
0.7861
0.7258
0.7095
0.6443
0.6252
0.6641
0.6667
0.6755
0.7483
0.7522
0.8271
0.8418
0.9194
0.9282
0.9917
1.05
1.098
1.152
1.144
1.149
1.16
1.178
1.211
1.259
1.3
1.322
1.34
1.323
1.337
1.349
1.315
1.31
1.289
1.298
1.25
1.201
1.169
1.101
1.027
0.9543
0.9158
0.8823
0.8691
0.8372
0.8318
0.8015
0.8208
0.7964
0.7986
0.7937
0.7671
0.7729
0.7883
0.8013
0.8059
0.7937
0.7551
0.7415
0.6619
0.6221
0.5234
0.4521
0.3579
0.2976
0.2185
0.175
0.1472
0.1025
0.115
0.0906
0.074
0.0286
-0.005
-0.094
-0.156
-0.247
-0.325
-0.359
-0.432
-0.462
-0.532
-0.598
-0.696
-0.734
-0.784
-0.8
-0.869
-0.73
-0.777
-0.921
-0.964
-1.17
-1.28
-1.36
-1.39
-1.4
-1.37
-1.37
-1.36
-1.37
-1.37
-1.34
-1.28
-1.27
-1.24
-1.23
-1.24
-1.2
-1.11
-1.11
-1.16
-1.18
-1.15
-1.12
-1.11
-1.07
-1.05
-1.03
-1.03
-1.02
-1
-0.991
-0.977
-0.932
-0.886
-0.853
-0.776
-0.72
-0.638
-0.598
-0.547
-0.523
-0.498
-0.516
-0.502
-0.529
-0.517
-0.55
-0.549
-0.531
-0.53
-0.501
-0.491
-0.462
-0.436
-0.382
-0.295
-0.246
-0.147
-0.07
0.0444
0.1096
0.1829
0.2036
0.2166
0.2029
0.1733
0.1587
0.1436
0.1509
0.158
0.1809
0.1926
0.2529
0.3005
0.3577
0.3743
0.405
0.4077
0.4155
0.469
0.532
0.5876
0.6165
0.6643
0.666
0.686
0.687
0.6851
0.6709
0.6436
0.6223
0.6101
0.5842
0.5911
0.6072
0.6067
0.6362
0.6643
0.7244
0.7639
0.8274
0.8767
0.9219
0.9224
0.9592
1.001
1.01
1.047
1.107
1.021
1.025
1.05
0.9878
1.023
1.018
1.039
0.9722
0.96
0.9578
0.9409
0.9285
0.9402
0.9458
0.9082
0.8936
0.8867
0.864
0.8323
0.8157
0.825
0.8127
0.8394
0.8538
0.8684
0.8474
0.8508
0.8491
0.8613
0.8738
0.8728
0.8855
0.8545
0.8721
0.8574
0.8613
0.855
0.8486
0.8115
0.8091
0.7773
0.7117
0.6436
0.626
0.5586
0.5522
0.4927
0.4636
0.4575
0.4324
0.4319
0.4116
0.4109
0.4241
0.4102
0.4045
0.3975
0.3838
0.364
0.2991
0.2351
0.1355
0.0801
0.0186
-0.021
