1.009
1.002
1.027
1.013
1.013
1.026
1.028
1.034
1.03
1.02
1.009
1.028
1.031
1.025
1.021
1.019
1.011
1.032
1.022
1.017
1.011
1.019
1.026
1.026
1.015
1.02
1.01
1.025
1.019
1.02
1.018
1.018
1.021
1.022
1.026
1.02
1.026
1.019
1.019
1.025
1.023
1.013
1.02
1.019
1.033
1.023
1.019
1.021
1.025
1.027
1.014
1.013
1.015
1.028
1.022
1.017
1.018
1.024
1.022
1.014
1.027
1.028
1.029
1.019
1.019
1.026
1.028
1.022
1.02
1.025
1.027
1.021
1.012
1.008
1.025
1.025
1.017
1.008
1.024
1.011
1.021
1.031
1.017
1.022
1.031
1.022
1.011
1.015
1.01
1.023
1.025
1.024
1.02
1.033
1.036
1.035
1.024
1.017
1.033
1.023
1.02
1.032
1.034
1.023
1.01
1.019
1.023
1.015
0.9954
1.016
1.019
1.009
1.01
1.019
1.024
1.019
1.029
1.024
1.017
1.028
1.014
1.016
1.019
1.013
1.021
1.018
1.018
1.013
1.008
0.9431
1.039
1.059
1.009
1.008
1.005
1.049
1.042
1.013
1.017
1.03
1.034
1.026
1.027
1.004
1.01
1.026
1.031
1.015
1.011
1
1.028
1.042
1.024
1.001
1.004
1.052
1.036
0.9993
1.018
1.027
1.025
1.021
1.021
1.015
1.022
1.018
1.015
1.019
1.021
1.025
1.021
1.011
1.024
1.027
1.013
1.027
1.018
1.026
1.019
1.023
1.022
1.03
1.017
1.032
1.018
1.023
1.014
1.018
1.029
1.03
1.019
1.032
1.034
1.001
1.024
1.022
1.012
1.022
1.02
1.016
1.024
1.012
1.009
1.024
1.025
1.02
1.015
1.017
1.021
1.024
1.01
1.025
1.039
1.03
1.011
1.014
1.025
1.027
1.021
1.021
1.045
1.016
1.021
1.039
1.031
1.01
1.003
1.003
1.015
1.005
0.9976
0.988
1.021
1.031
1.035
1.042
1.042
1.025
1.052
0.9976
0.9478
0.9731
1.046
1.2
1.091
0.8967
0.9646
1.044
1.077
1.105
1.045
1.025
1.107
1.127
0.947
0.9719
1.011
1.005
1.017
1.014
1.044
1.044
1.064
1.034
1.037
1.093
1.066
1.05
1.061
1.053
1.064
1.042
1.022
1.048
0.968
0.9226
1.071
1.048
1.059
1.034
1.035
1.042
1.028
1.009
1.027
1.025
1.033
1.074
1.128
1.139
1.127
1.127
1.131
1.124
1.118
1.116
1.074
1.056
1.072
1.077
0.9985
0.969
0.9128
0.9487
0.9878
1.015
1.03
0.9873
0.9893
1.015
1.024
1.029
1.006
1.026
1.053
1.022
1
0.9863
0.9541
0.981
0.9749
0.9746
0.9829
1.019
1.03
1.073
1.081
1.104
1.123
1.143
1.143
1.152
1.154
1.158
1.138
1.118
1.111
1.096
1.073
1.057
1.059
1.041
1.034
1.047
1.035
1.054
1.053
1.042
1.029
1.006
0.9951
0.9675
0.9668
0.9353
0.9253
0.9141
0.8948
0.8953
0.8984
0.8801
0.8948
0.8979
0.9031
0.9365
0.9216
0.9656
0.96
0.9702
0.9797
0.9824
0.9768
0.9773
0.9902
1.004
1.039
1.031
1.047
1.06
1.067
1.044
1.039
1.019
1.012
0.9927
0.9802
0.9578
0.9392
0.9182
0.9106
0.886
0.8713
0.8743
0.866
0.8574
0.8289
0.8264
0.8245
0.8245
0.8044
0.8042
0.7673
0.759
0.7466
0.7463
0.7261
0.7395
0.7134
0.6797
0.7014
0.6953
0.7029
0.6958
0.6816
0.6428
0.6509
0.8259
0.8696
0.9895
1.074
1.058
1.055
1.015
0.9202
0.906
0.8257
0.7732
0.7573
0.7405
0.7358
0.7627
0.8223
0.8611
0.916
0.8955
0.9026
0.8914
0.8477
0.8208
0.7961
0.7822
0.7717
0.7537
0.7493
0.7412
0.7542
0.7476
0.7456
0.7549
0.7476
0.7668
0.782
0.823
0.8242
0.8762
0.8828
0.8525
0.8555
0.8171
0.8
0.781
0.7561
0.7302
0.7092
0.6973
0.687
0.6921
0.6858
0.6926
0.7278
0.7578
0.7996
0.8794
0.8215
0.8696
0.8369
0.8293
0.8403
0.8376
0.8501
0.8533
0.8586
0.8682
0.8713
0.8816
0.8796
0.8745
0.8735
0.897
0.9077
0.9407
0.9536
0.9783
1.007
1.031
1.02
1.016
0.9983
0.9695
0.9331
0.8911
0.8823
0.8601
0.8569
0.8474
0.8501
0.8604
0.864
0.865
0.8557
0.8589
0.8479
0.8438
0.845
0.8481
0.8298
0.8303
0.8035
0.792
0.7859
0.7778
0.7688
0.7424
0.7502
0.7444
0.7539
0.7881
0.7725
0.7983
0.8096
0.8164
0.8352
0.8521
0.9014
0.9246
0.9463
0.9443
0.9331
0.9453
0.9402
0.9385
0.948
0.9387
0.9382
0.9495
0.9546
0.9412
0.9246
0.8994
0.8657
0.8398
0.8135
0.8076
0.7847
0.7952
0.801
0.7878
0.7744
0.7388
0.7246
0.7097
0.7004
0.7214
0.7056
0.7185
0.7351
0.7258
0.7014
0.7776
0.832
0.9221
0.9917
1.003
1.03
0.9988
0.9778
0.9443
0.8987
0.8865
0.8596
0.8296
0.8279
0.8328
0.8159
0.8159
0.8408
0.8726
0.8887
0.9333
0.9524
0.9917
1.017
1.026
1.017
1.013
1.017
1.02
1.078
1.088
1.127
1.139
1.155
1.114
1.088
1.044
0.9968
0.9255
0.8599
0.7817
0.7485
0.6736
0.6062
0.5364
0.4983
0.4629
0.4617
0.4729
0.5195
0.5596
0.6621
0.7395
0.8357
0.8889
0.9624
0.9968
1.041
1.06
1.088
1.096
1.09
1.103
1.1
1.084
1.09
1.062
1.031
1.021
0.9695
0.9529
0.9092
0.8901
0.8535
0.8262
0.7996
0.7861
0.7625
0.7517
0.748
0.7559
0.7605
0.7944
0.8281
0.885
0.9253
0.9556
0.9807
1.013
1.03
1.055
1.059
1.084
1.104
1.116
1.153
1.13
1.106
1.091
1.064
1.018
0.9844
0.9417
0.9121
0.8516
0.8159
0.7642
0.7458
0.7832
0.7781
0.7683
0.7925
0.8489
0.824
0.8477
0.9199
0.8174
0.7832
0.7781
0.7427
0.6904
0.677
0.6343
0.6353
0.6699
0.6982
0.7314
0.7522
0.8066
0.8555
0.8865
0.8828
0.8926
0.8743
0.9443
0.8892
0.9004
0.7896
0.7466
0.7104
0.6782
0.6729
0.6462
0.6462
0.6377
0.6321
0.6365
0.668
0.6646
0.6873
0.6882
0.6838
0.6716
0.6287
0.5884
0.5276
0.467
0.4126
0.4653
0.1536
0.363
0.1472
0.3113
0.2837
0.4448
0.6414
0.5972
0.7471
0.8259
0.7627
0.7168
0.6892
0.5913
0.541
0.4299
0.3804
0.4031
0.4026
0.4363
0.4553
0.4583
0.4902
0.5039
0.4893
0.4592
0.4358
0.3989
0.3748
0.3293
0.2927
0.2893
0.3118
0.2771
0.332
0.3442
0.3567
0.3965
0.3787
0.3828
0.3323
0.2993
0.2578
0.2
0.1938
0.2163
0.2561
0.2781
0.321
0.3279
0.3462
0.3835
0.4121
0.4521
0.4607
0.4551
0.4321
0.3665
0.3293
0.3091
0.2876
0.3025
0.3298
0.3486
0.3328
0.3579
0.3567
0.3506
0.3462
0.3325
0.3245
0.314
0.3184
0.3352
0.3237
0.3494
0.3582
0.3918
0.4006
0.4065
0.4099
0.3994
0.3877
0.386
0.3604
0.3533
0.354
0.3125
0.2981
0.2991
0.2546
0.2695
0.2612
0.2908
0.3191
0.3557
0.3848
0.4382
0.4417
0.4697
0.4521
0.46
0.4395
0.4224
0.4116
0.3718
0.4238
0.4163
0.4072
0.3584
0.3408
0.3689
0.3667
0.4089
0.4148
0.4438
0.4592
0.4578
0.4438
0.4343
0.4229
0.376
0.3962
0.3523
0.3623
0.3496
0.3713
0.4053
0.4045
0.4341
0.3921
0.3601
0.3308
0.3418
0.3452
0.3938
0.4048
0.4641
0.4897
0.5061
0.5125
0.5239
0.5291
0.5425
0.5388
0.5386
0.5039
0.4875
0.4504
0.4517
0.4175
0.3904
0.3997
0.3965
0.3938
0.3865
0.3953
0.3948
0.3767
0.3394
0.3406
0.313
0.303
0.3125
0.3279
0.3545
0.4028
0.4277
0.4426
0.4402
0.4609
0.4426
0.4829
0.5527
0.5679
0.6084
0.5916
0.6296
0.6045
0.6113
0.6208
0.6255
0.625
0.6372
0.6191
0.5891
0.5647
0.5151
0.4956
0.49
0.4653
0.4553
0.45
0.4756
0.4902
0.5095
0.5337
0.55
0.5496
0.552
0.5344
0.5183
0.5269
0.5156
0.5317
0.5396
0.5349
0.5256
0.509
0.5139
0.5186
0.5242
0.5337
0.5369
0.5166
0.4937
0.4634
0.4392
0.4199
0.3894
0.3586
0.3076
0.2778
0.2271
0.2043
0.1973
0.1816
0.1641
0.1455
0.1357
0.1235
0.1033
0.0847
0.0752
0.0544
0.0608
0.1145
0.1348
0.1191
0.1355
0.1367
0.1062
0.0132
-0.056
-0.094
-0.14
-0.167
-0.183
-0.188
-0.18
-0.165
-0.145
-0.136
-0.118
-0.1
-0.084
-0.057
-0.069
-0.049
-0.034
-0.046
-0.025
-0.001
0.0334
0.0127
0.0217
0.0366
0.073
0.1089
0.1313
0.1736
0.2395
0.2634
0.334
0.4277
0.4031
0.4219
0.5039
0.6052
0.71
0.8435
0.9226
1.028
1.117
1.247
1.348
1.404
1.458
1.459
1.449
1.431
1.437
1.422
1.366
1.326
1.244
1.171
1.099
0.9885
0.9209
0.7893
0.6877
0.5374
0.4397
0.3096
0.2134
0.0806
-0.045
-0.135
-0.264
-0.336
-0.467
-0.557
-0.705
-0.794
-0.981
-1.06
-1.18
-1.32
-1.35
-1.47
-1.54
-1.62
-1.67
-1.7
-1.73
-1.74
-1.73
-1.72
-1.68
-1.63
-1.54
-1.48
-1.35
-1.29
-1.17
-1.11
-1.01
-0.957
-0.868
-0.809
-0.76
-0.703
-0.663
-0.627
-0.6
-0.588
-0.571
-0.533
-0.51
-0.454
-0.371
-0.312
-0.205
-0.128
-0.008
0.0557
0.1685
0.2222
0.3574
0.4561
0.6025
0.7209
0.8022
0.916
1.015
1.153
1.262
1.439
1.561
1.73
1.849
1.974
2.104
2.147
2.225
2.242
2.256
2.236
2.215
2.12
2.033
1.978
1.869
1.758
1.678
1.571
1.517
1.399
1.312
1.2
1.114
0.9753
0.9148
0.7703
0.623
0.5227
0.3306
0.2461
0.0632
-0.059
-0.247
-0.391
-0.611
-0.817
-0.962
-1.13
-1.08
-1.44
-1.5
-1.64
-1.73
-1.82
-1.91
-2.07
-2.23
-2.36
-2.46
-2.48
-2.46
-2.41
-2.3
-2.21
-2.05
-1.95
-1.79
-1.64
-1.54
-1.39
-1.34
-1.23
-1.18
-1.11
-1.07
-1.04
-1.03
-1.02
-1
-0.944
-0.899
-0.828
-0.765
-0.778
-0.686
-0.624
-0.494
-0.454
-0.293
-0.144
-0.067
0.0837
0.1748
0.2874
0.3928
0.5386
0.6248
0.7761
0.8669
1.042
1.191
1.305
1.469
1.531
1.66
1.714
1.856
1.929
2.023
2.096
2.191
2.294
2.346
2.407
2.42
2.398
2.42
2.371
2.365
2.297
2.208
2.178
2.104
2.058
1.954
1.911
1.797
1.717
1.624
1.548
1.426
1.344
1.223
1.071
0.9714
0.822
0.6743
0.4299
0.2114
-0.029
-0.243
-0.568
-0.787
-1.1
-1.38
-1.53
-1.78
-1.99
-2.2
-2.28
-2.5
-2.65
-2.79
-2.84
-2.94
-2.98
-2.96
-2.88
-2.79
-2.63
-2.51
-2.34
-2.24
-2.08
-1.95
-1.78
-1.63
-1.54
-1.45
-1.39
-1.34
-1.29
-1.28
-1.27
-1.26
-1.28
-1.27
-1.29
-1.34
-1.57
-1.3
-1.25
-1.17
-1.04
-1.02
-0.968
-0.848
-0.792
-0.674
-0.569
-0.457
-0.31
-0.107
0.0134
0.2095
0.321
0.4929
0.6692
0.7615
0.9556
1.079
1.285
1.403
1.6
1.73
1.905
2.003
2.145
2.268
2.335
2.398
2.448
2.43
2.45
2.408
2.395
2.344
2.305
2.221
2.129
2.071
2.017
1.992
1.919
1.901
1.823
1.753
1.684
1.607
1.502
1.394
1.316
1.173
1.14
1.015
0.9841
0.886
0.7678
0.613
0.4426
0.2556
-0.038
-0.195
-0.547
-0.551
-1.21
-1.09
-1.35
-1.58
-1.93
-2.21
-2.21
-2.48
-2.45
-2.55
-2.6
-2.74
-2.72
-2.69
-2.65
-2.58
-2.52
-2.45
-2.33
-2.17
-2.27
-2.3
-1.82
-1.86
-1.75
-1.62
-1.53
-1.46
-1.46
-1.47
-1.46
-1.4
-1.35
-1.3
-1.24
-1.17
-1.16
-1.09
-1.03
-0.971
-1.08
-0.854
-0.793
-0.75
-0.619
-0.588
-0.483
-0.378
-0.281
-0.18
-0.091
0.0371
0.1104
0.1936
0.2273
0.325
0.3521
0.4631
0.5361
0.6533
0.7759
0.8689
0.9705
1.055
1.158
1.228
1.327
1.387
1.503
1.599
1.726
1.829
1.91
2.016
2.082
2.185
2.212
2.272
2.289
2.308
2.311
2.27
2.201
2.13
2.02
1.942
1.879
1.854
1.767
1.723
1.613
1.517
1.434
1.302
1.155
1.079
0.9675
0.7537
0.7793
0.533
0.4382
0.2664
0.113
0.0371
-0.248
-0.402
-0.617
-0.817
-1.03
-1.34
-1.6
-1.78
-2
-2.16
-2.26
-2.37
-2.41
-2.42
-2.41
-2.37
-2.35
-2.29
-2.24
-2.16
-2.07
-2.02
-1.97
-1.92
-1.74
-1.69
-1.55
-1.49
-1.39
-1.33
-1.24
-1.16
-1.11
-1.01
-0.973
-0.869
-0.819
-0.707
-0.703
-0.546
-0.478
-0.373
-0.285
-0.218
-0.137
-0.109
-0.04
-0.019
0.0051
0.0642
0.104
0.175
0.3567
0.4644
0.5854
0.7903
0.8972
1.11
1.256
1.491
1.653
1.866
2.01
2.284
2.47
2.513
2.534
2.482
2.415
2.365
2.307
2.279
2.201
2.157
2.058
1.974
1.919
1.768
1.647
1.488
1.435
1.356
1.29
1.178
1.087
0.9316
0.7976
0.6702
0.4497
0.3037
0.0078
-0.182
-0.401
-0.693
-0.95
-1.03
-1.47
-1.65
-1.86
-1.96
-2.14
-2.3
-2.4
-2.52
-2.58
-2.62
-2.6
-2.57
-2.52
-2.49
-2.4
-2.35
-2.25
-2.16
-2.05
-1.98
-1.86
-1.73
-1.66
-1.57
-1.52
-1.46
-1.43
-1.39
-1.37
-1.3
-1.24
-1.16
-1.11
-1.12
-0.918
-0.859
-0.757
-0.68
-0.618
-0.45
-0.328
-0.26
-0.157
-0.06
0.0447
0.1956
0.3069
0.4758
0.592
0.7668
0.8757
1.07
1.202
1.369
1.551
1.67
1.832
1.927
2.051
2.127
2.225
2.292
2.355
2.413
2.448
2.459
2.434
2.364
2.307
2.17
2.064
1.998
1.91
1.78
1.702
1.626
1.428
1.37
1.188
1.064
1.026
0.8044
0.6865
0.5703
0.3696
0.3005
-0.017
-0.204
-0.504
-0.845
-1.02
-1.37
-1.63
-2.02
-2.3
-2.56
-2.69
-2.86
-2.95
-3.04
-3.14
-3.15
-3.11
-3.05
-2.98
-2.95
-2.85
-2.77
-2.63
-2.45
-2.32
-2.17
-2.04
-1.89
-1.79
-1.62
-1.54
-1.34
-1.28
-1.15
-1.02
-0.985
-0.962
-0.837
-0.778
-0.723
-0.662
-0.615
-0.559
-0.535
-0.475
-0.349
-0.329
-0.19
-0.062
0.0447
0.1689
0.375
0.396
0.6736
0.8005
1.008
1.241
1.333
1.573
1.704
1.918
2.089
2.295
2.428
2.578
2.646
2.729
2.743
2.734
2.674
2.622
2.522
2.461
2.328
2.272
2.182
2.121
2.06
1.959
1.903
1.828
1.772
1.637
1.577
1.447
1.358
1.196
1.101
0.9312
0.7817
0.6365
0.3938
0.2734
0.0647
-0.223
-0.45
-0.561
-0.979
-1.04
-1.6
-1.99
-2.44
-2.89
-3.19
-3.48
-3.61
-3.71
-3.73
-3.7
-3.55
-3.43
-3.23
-3.1
-2.92
-2.79
-2.6
-2.47
-2.31
-2.2
-2.06
-1.93
-1.85
-1.75
-1.69
-1.64
-1.58
-1.48
-1.4
-1.32
-1.19
-1.15
-1.01
-0.971
-0.87
-0.827
-0.731
-0.663
-0.628
-0.511
-0.384
-0.292
-0.097
0.1018
0.229
0.3733
0.4819
0.6929
0.762
0.9253
1.094
1.275
1.426
1.646
1.861
1.997
2.21
2.323
2.5
2.589
2.684
2.757
2.775
2.778
2.715
2.661
2.625
2.531
2.438
2.333
2.239
2.119
2.031
1.874
1.758
1.575
1.42
1.293
1.13
0.9744
0.8076
0.6257
0.4048
0.2104
-0.167
-0.264
-0.644
-0.845
-1.33
-1.51
-1.91
-2.13
-2.32
-2.66
-2.76
-2.99
-3.05
-3.1
-3.12
-3.13
-3.04
-2.95
-2.8
-2.68
-2.52
-2.46
-2.32
-2.23
-2.11
-2
-1.89
-1.74
-1.65
-1.51
-1.43
-1.29
-1.2
-1.08
-0.998
-0.867
-0.756
-0.659
-0.572
-0.568
-0.353
-0.288
-0.156
-0.15
-0.035
0.021
0.1843
0.344
0.4622
0.6982
0.8276
1.093
1.282
1.567
1.763
2.034
2.201
2.415
2.587
2.681
2.771
2.789
2.776
2.75
2.664
2.619
2.549
2.43
2.341
2.231
2.178
2.08
2.039
1.951
1.885
1.768
1.659
1.519
1.348
1.232
1.061
0.9414
0.7422
0.6572
0.4565
0.3577
0.0894
-0.063
-0.338
-0.561
-0.805
-1.11
-1.3
-1.71
-1.98
-2.48
-2.75
-3.05
-3.2
-3.34
-3.45
-3.52
-3.56
-3.56
-3.51
-3.46
-3.44
-3.4
-3.32
-3.24
-3.06
-2.85
-2.73
-2.57
-2.47
-2.24
-2.1
-1.91
-1.8
-1.66
-1.62
-1.53
-1.48
-1.45
-1.43
-1.38
-1.34
-1.29
-1.18
-1.18
-1.09
-0.974
-0.77
-0.54
-0.402
-0.149
-0.018
0.1831
0.3823
0.5713
0.7502
0.9541
1.132
1.356
1.605
1.774
2.005
2.159
2.384
2.523
2.673
2.764
2.824
2.846
2.813
2.742
2.682
2.563
2.465
2.327
2.252
2.156
2.105
2.025
1.968
1.877
1.781
1.729
1.662
1.567
1.518
1.417
1.31
1.208
1.073
0.9636
0.7749
0.5718
0.4309
0.2158
0.0149
-0.248
-0.495
-0.883
-1.05
-1.51
-1.9
-2.39
-2.86
-3.08
-3.37
-3.52
-3.69
-3.79
-3.86
-3.82
-3.71
-3.59
-3.37
-3.15
-2.95
-2.66
-2.49
-2.19
-2.02
-1.8
-1.67
-1.51
-1.4
-1.27
-1.15
-1.11
-1.06
-1.02
-1.05
-1.03
-1.01
-1.01
-0.893
-0.815
-0.646
-0.521
-0.42
-0.23
-0.133
0.0442
0.301
0.3564
0.5876
0.843
0.9773
1.256
1.457
1.682
1.915
2.115
2.347
2.529
2.774
2.912
3.082
3.149
3.23
3.253
3.244
3.179
3.115
3.005
2.902
2.8
2.692
2.632
2.516
2.449
2.37
2.278
2.132
1.975
1.74
1.561
1.282
1.137
0.9045
0.7014
0.6416
0.5352
0.4617
0.3828
0.3022
0.0193
-0.001
-0.327
-0.412
-0.652
-0.936
-1.18
-1.71
-2.1
-2.64
-2.94
-3.25
-3.4
-3.54
-3.66
-3.76
-3.8
-3.77
-3.71
-3.65
-3.6
-3.56
-3.44
-3.35
-3.16
-3.04
-2.79
-2.55
-2.37
-2.12
-1.94
-1.7
-1.55
-1.35
-1.21
-1.08
-0.961
-0.84
-0.742
-0.691
-0.643
-0.597
-0.579
-0.495
-0.471
-0.451
-0.334
-0.25
-0.122
0.0825
0.2092
0.3713
0.5278
0.7019
0.8708
1.107
1.278
1.548
1.722
1.998
2.3
2.494
2.779
2.952
3.331
3.418
3.366
3.414
3.44
3.421
3.327
3.14
2.983
2.743
2.601
2.435
2.337
2.209
2.171
2.095
2.052
1.961
1.74
1.602
1.371
1.17
0.9048
0.7429
0.3164
0.0989
-0.358
-0.58
-0.995
-1.18
-1.72
-1.86
-2.25
-2.35
-2.57
-2.7
-2.79
-2.99
-3.13
-3.16
-3.22
-3.23
-3.2
-3.17
-3.05
-2.99
-2.84
-2.7
-2.48
-2.24
-2.09
-1.93
-1.78
-1.66
-1.5
-1.4
-1.28
-1.15
-1.08
-0.987
-0.885
-0.831
-0.736
-0.698
-0.634
-0.604
-0.483
-0.45
-0.356
-0.285
-0.09
0.1094
0.2849
0.5327
0.6907
0.9329
1.105
1.353
1.531
1.775
1.952
2.203
2.457
2.611
2.799
2.924
3.051
3.108
3.161
3.173
3.104
3.073
2.961
2.909
2.875
2.748
2.699
2.692
2.515
2.411
2.32
2.122
2.007
1.846
1.664
1.577
1.415
1.295
1.058
0.9241
0.6116
0.4441
0.2747
0.0054
-0.162
-0.502
-0.653
-0.909
-1.17
-1.64
-1.94
-2.47
-2.72
-3.03
-3.13
-3.4
-3.67
-3.8
-3.85
-3.86
-3.8
-3.75
-3.61
-3.46
-3.2
-3.02
-2.75
-2.49
-2.32
-2.08
-1.95
-1.73
-1.59
-1.41
-1.31
-1.18
-1.13
-1.05
-0.939
-0.911
-0.861
-0.826
-0.803
-0.776
-0.717
-0.684
-0.568
-0.437
-0.289
-0.029
0.1199
0.3669
0.5732
0.8958
1.053
1.287
1.489
1.744
1.914
2.144
2.329
2.447
2.591
2.691
2.789
2.846
2.89
2.88
2.905
2.896
2.853
2.781
2.746
2.644
2.626
2.452
2.443
2.36
2.229
2.051
1.828
1.746
1.616
1.521
1.44
1.385
1.221
1.156
1.009
0.9551
0.7141
0.5569
0.2754
0.2678
-0.012
-0.229
-0.275
-0.799
-0.982
-1.51
-1.96
-2.48
-3.11
-3.44
-3.72
-3.91
-4
-4
-4
-4
-3.86
-3.68
-3.39
-3.08
-2.85
-2.51
-2.28
-2.01
-1.85
-1.63
-1.51
-1.32
-1.22
-1.09
-0.982
-0.929
-0.885
-0.831
-0.771
-0.74
-0.686
-0.639
-0.569
-0.457
-0.353
-0.271
-0.174
-0.016
0.0903
0.3237
0.4077
0.6736
0.8623
1.148
1.351
1.634
1.887
2.045
2.26
2.393
2.571
2.662
2.816
2.898
2.948
2.952
2.955
2.908
2.872
2.803
2.724
2.646
2.565
2.429
2.324
2.163
2.013
1.949
1.81
1.737
1.602
1.529
1.352
1.262
1.141
0.9646
0.75
0.4885
0.2866
-0.079
-0.312
-0.778
-1.01
-1.51
-1.83
-2.19
-2.44
-2.74
-3.02
-3.06
-3.06
-3.09
-3.06
-3.05
-3.02
-3
-2.94
-2.89
-2.79
-2.7
-2.61
-2.49
-2.39
-2.2
-2.09
-1.93
-1.82
-1.68
-1.6
-1.49
-1.4
-1.37
-1.3
-1.25
-1.16
-1.08
-0.996
-0.936
-0.811
-0.709
-0.536
-0.341
-0.161
0.0208
0.1565
0.355
0.5154
0.7122
0.8733
1.16
1.302
1.567
1.808
1.951
2.196
2.337
2.491
2.596
2.721
2.775
2.857
2.901
2.913
2.881
2.828
2.732
2.676
2.565
2.449
2.422
2.368
2.3
2.302
2.111
2.056
1.957
1.816
1.73
1.562
1.449
1.269
1.158
0.8938
0.8699
0.5408
0.313
0.1462
-0.172
-0.375
-0.786
-1.05
-1.6
-1.96
-2.43
-2.79
-3.3
-3.53
-3.68
-3.85
-3.87
-3.77
-3.69
-3.51
-3.42
-3.26
-3.08
-2.94
-2.75
-2.66
-2.51
-2.41
-2.3
-2.22
-2.09
-1.96
-1.83
-1.68
-1.6
-1.47
-1.39
-1.25
-1.14
-0.98
-0.88
-0.732
-0.644
-0.427
-0.216
-0.049
0.2339
0.3843
0.6829
0.9111
1.186
1.379
1.61
1.743
1.928
2.111
2.233
2.416
2.48
2.613
2.715
2.842
2.905
2.977
3.007
3.022
2.973
2.939
2.846
2.761
2.672
2.621
2.516
2.452
2.331
2.226
2.161
2.001
1.9
1.754
1.681
1.535
1.428
1.354
1.232
1.057
0.9888
0.6599
0.4644
0.2485
0.0586
-0.267
-0.538
-0.88
-1.38
-1.8
-2.4
-2.72
-3.15
-3.43
-3.54
-3.63
-3.62
-3.55
-3.49
-3.36
-3.26
-3.11
-2.98
-2.79
-2.57
-2.44
-2.22
-2.05
-1.93
-1.84
-1.72
-1.62
-1.49
-1.39
-1.31
-1.23
-1.2
-1.09
-1.01
-0.948
-0.773
-0.653
-0.635
-0.503
-0.377
-0.281
-0.08
0.0725
0.2517
0.384
0.6182
0.7649
1.016
1.21
1.482
1.653
1.896
2.148
2.289
2.517
2.656
2.827
2.946
3.063
3.112
3.11
3.079
3.021
2.926
2.877
2.797
2.736
2.705
2.62
2.472
2.404
2.199
2.084
1.968
1.731
1.656
1.533
1.449
1.383
1.3
1.227
1.07
0.9612
0.7256
0.5657
0.5015
0.2849
0.1992
0.0283
-0.358
-0.505
-1.03
-1.27
-1.99
-2.51
-2.88
-3.37
-3.65
-3.9
-3.98
-4
-4
-4
-4
-3.97
-3.71
-3.49
-3.06
-2.88
-2.57
-2.4
-2.2
-2.09
-1.92
-1.83
-1.65
-1.56
-1.48
-1.39
-1.36
-1.28
-1.23
-1.14
-1.03
-0.946
-0.941
-0.877
-0.713
-0.639
-0.476
-0.421
-0.192
-0.036
0.1604
0.3481
0.6006
0.7725
1.066
1.337
1.525
1.792
1.962
2.177
2.328
2.544
2.678
2.774
2.865
2.973
3.035
3.055
2.996
2.961
2.845
2.744
2.674
2.587
2.479
2.429
2.396
2.318
2.26
2.215
2.078
2.033
1.978
1.838
1.761
1.652
1.505
1.457
1.257
1.205
1.064
0.9307
0.8088
0.6746
0.4316
0.353
0.0645
-0.208
-0.452
-0.858
-1.25
-1.89
-2.56
-3.16
-3.57
-3.95
-4
-4
-4
-4
-4
-4
-3.87
-3.69
-3.43
-3.25
-2.97
-2.79
-2.49
-2.26
-2.12
-1.94
-1.87
-1.71
-1.63
-1.55
-1.47
-1.38
-1.33
-1.25
-1.2
-1.16
-1.06
-1.01
-0.844
-0.836
-0.69
-0.592
-0.442
-0.206
-0.115
0.1475
0.2051
0.4819
0.6392
0.8538
1.026
1.273
1.442
1.706
1.94
2.102
2.356
2.493
2.722
2.896
3.046
3.158
3.325
3.266
3.359
3.32
3.286
3.19
3.077
2.928
2.819
2.636
2.537
2.312
2.235
2.106
1.959
1.876
1.702
1.595
1.446
1.337
1.162
1.043
0.8577
0.6682
0.4346
0.0466
-0.162
-0.619
-0.983
-1.27
-1.69
-2.05
-2.32
-2.73
-2.98
-3.34
-3.58
-3.68
-3.75
-3.74
-3.65
-3.54
-3.36
-3.23
-3.04
-2.91
-2.73
-2.59
-2.48
-2.29
-2.19
-2.01
-1.9
-1.74
-1.68
-1.59
-1.52
-1.43
-1.38
-1.29
-1.27
-1.19
-1.09
-1.02
-0.893
-0.782
-0.629
-0.355
-0.197
0.0715
0.2878
0.5405
0.7922
1.114
1.324
1.687
1.912
2.223
2.542
2.745
3.045
3.258
3.472
3.591
3.683
3.746
3.707
3.649
3.518
3.319
3.207
2.904
2.869
2.612
2.489
2.31
2.117
2.002
1.907
1.694
1.529
1.44
1.197
1.089
0.9651
0.8083
0.7485
0.5886
0.5037
0.2573
0.1431
-0.199
-0.323
-0.649
-0.899
-1.23
-1.58
-2.07
-2.35
-2.75
-2.98
-3.29
-3.53
-3.66
-3.81
-3.85
-3.85
-3.8
-3.69
-3.58
-3.4
-3.26
-3.06
-2.88
-2.73
-2.52
-2.41
-2.22
-2.12
-1.98
-1.9
-1.81
-1.74
-1.64
-1.59
-1.52
-1.44
-1.4
-1.28
-1.23
-1.13
-0.956
-0.845
-0.74
-0.451
-0.311
-0.09
0.1545
0.3098
0.6335
0.832
1.115
1.327
1.618
1.823
2.082
2.342
2.496
2.67
2.766
2.901
2.954
3.059
3.084
3.095
3.102
3.056
2.976
2.87
2.679
2.598
2.479
2.43
2.427
2.39
2.319
2.279
2.251
2.242
2.134
2.041
1.937
1.754
1.7
1.514
1.45
1.237
1.072
0.9417
0.7405
0.6243
0.3335
0.2275
-0.129
-0.234
-0.892
-1.05
-1.75
-2.35
-2.77
-3.3
-3.53
-3.86
-4
-4
-4
-4
-4
-4
-4
-4
-3.84
-3.62
-3.25
-3.03
-2.67
-2.44
-2.14
-1.95
-1.75
-1.58
-1.48
-1.34
-1.25
-1.18
-1.14
-1.15
-1.05
-1.02
-0.974
-0.876
-0.783
-0.718
-0.652
-0.545
-0.382
-0.273
-0.076
0.0566
0.3337
0.4871
0.8047
1.056
1.238
1.499
1.647
1.878
2.089
2.284
2.449
2.662
2.781
2.914
3.055
3.167
3.26
3.256
3.223
3.19
3.11
3.021
2.929
2.864
2.782
2.689
2.602
2.463
2.392
2.272
2.189
2.059
1.951
1.826
1.719
1.529
1.345
1.174
1.015
0.8088
0.5378
0.3271
-0.085
-0.394
-0.934
-1.17
-1.91
-2.56
-3.06
-3.73
-4
-4
-4
-4
-4
-4
-4
-4
-3.76
-3.5
-3.17
-2.95
-2.63
-2.44
-2.2
-2.07
-1.91
-1.79
-1.71
-1.63
-1.58
-1.54
-1.52
-1.46
-1.43
-1.34
-1.21
-1.09
-1.02
-1.02
-0.802
-0.716
-0.595
-0.431
-0.229
-0.134
0.1287
0.2883
0.5552
0.8625
1.055
1.347
1.486
1.864
2.027
2.301
2.521
2.761
2.926
3.147
3.348
3.457
3.569
3.589
3.547
3.47
3.299
3.197
3.034
2.872
2.761
2.681
2.593
2.458
2.367
2.24
2.085
1.938
1.859
1.645
1.598
1.461
1.315
1.192
0.9097
0.7549
0.4756
0.1907
-0.134
-0.424
-0.924
-1.43
-1.94
-2.52
-3.02
-3.64
-3.99
-4
-4
-4
-4
-4
-4
-4
-4
-3.96
-3.71
-3.52
-3.23
-3
-2.72
-2.56
-2.33
-2.18
-2.09
-2.01
-1.95
-1.86
-1.81
-1.73
-1.71
-1.64
-1.59
-1.49
-1.35
-1.22
-1.14
-1.05
-0.884
-0.745
-0.494
-0.402
-0.071
0.0596
0.4021
0.7224
0.9443
1.276
1.488
1.799
2.029
2.316
2.51
2.87
3.008
3.216
3.352
3.401
3.466
3.455
3.344
3.252
3.195
3.113
2.976
2.785
2.763
2.681
2.593
2.593
2.467
2.43
2.411
2.209
2.157
1.902
1.676
1.503
1.329
1.204
1.031
0.9656
0.7646
0.6318
0.4131
0.2197
-0.067
-0.187
-0.472
-0.789
-1.11
-1.78
-2.11
-2.82
-3.21
-3.67
-3.95
-4
-4
-4
-4
-4
-4
-4
-3.97
-3.76
-3.42
-3.18
-2.82
-2.45
-2.26
-1.96
-1.83
-1.69
-1.61
-1.51
-1.45
-1.37
-1.32
-1.25
-1.21
-1.17
-1.13
-1.11
-1.04
-0.971
-0.931
-0.85
-0.746
-0.578
-0.414
-0.191
0.0049
0.3416
0.5247
0.9438
1.16
1.513
1.753
2.016
2.466
2.733
3.012
3.226
3.485
3.633
3.814
3.935
3.973
3.84
3.7
3.466
3.313
3.015
2.814
2.639
2.524
2.301
2.235
2.073
1.978
1.848
1.665
1.546
1.345
1.244
1.104
0.9885
0.7856
0.5986
0.4167
0.0369
-0.106
-0.678
-0.871
-1.46
-1.91
-2.61
-3.2
-3.96
-4
-4
-4
-4
-4
-4
-4
-4
-4
-3.89
-3.45
-3.18
-2.86
-2.66
-2.34
-2.1
-1.96
-1.74
-1.6
-1.42
-1.32
-1.2
-1.12
-0.979
-0.885
-0.815
-0.716
-0.669
-0.58
-0.518
-0.278
-0.246
0.043
0.1755
0.3999
0.5745
0.8586
1.198
1.379
1.694
1.904
2.21
2.404
2.653
2.782
3.027
3.123
3.281
3.442
3.532
3.499
3.479
3.399
3.294
3.089
2.934
2.657
2.456
2.241
2.023
1.906
1.735
1.636
1.487
1.37
1.255
1.151
0.9563
0.78
0.6897
0.4966
0.4573
0.4014
0.1182
0.074
-0.244
-0.412
-0.66
-1.03
-1.42
-1.72
-2.2
-2.67
-3.29
-3.68
-4
-4
-4
-4
-4
-4
-4
-3.86
-3.6
-3.21
-3
-2.72
-2.58
-2.36
-2.21
-1.97
-1.74
-1.6
-1.39
-1.26
-1.1
-0.983
-0.858
-0.748
-0.665
-0.572
-0.394
-0.337
-0.291
-0.172
-0.119
0.0405
0.1421
0.3059
0.459
0.7664
0.877
1.158
1.376
1.529
1.771
1.933
2.19
2.344
2.595
2.756
2.989
3.124
3.27
3.358
3.384
3.375
3.342
3.25
3.187
3.069
3.018
2.816
2.67
2.503
2.218
2.049
1.794
1.619
1.4
1.264
1.058
0.9204
0.7136
0.5371
0.2856
0.0037
-0.094
-0.532
-0.618
-1.12
-1.39
-1.85
-2.19
-2.68
-3.01
-3.46
-3.87
-4
-4
-4
-3.97
-3.79
-3.46
-3.27
-3.02
-2.88
-2.66
-2.44
-2.29
-2.09
-1.95
-1.77
-1.66
-1.5
-1.43
-1.33
-1.25
-1.2
-1.11
-1.06
-0.904
-0.862
-0.742
-0.664
-0.589
-0.486
-0.375
-0.244
-0.141
0.0273
0.1299
0.4124
0.6592
0.8315
0.9951
1.208
1.347
1.629
1.879
2.055
2.293
2.387
2.617
2.75
2.934
3.057
3.104
3.161
3.161
3.129
3.079
2.998
2.909
2.739
2.597
2.403
2.264
2.107
1.998
1.843
1.686
1.558
1.355
1.236
1.029
0.8652
0.74
0.5801
0.4187
0.2698
0.0386
-0.17
-0.384
-0.757
-0.948
-1.48
-1.88
-2.65
-3.18
-3.8
-4
-4
-4
-4
-4
-4
-4
-4
-4
-3.79
-3.43
-3.18
-2.84
-2.47
-2.3
-2.06
-1.93
-1.75
-1.65
-1.5
-1.41
-1.32
-1.26
-1.18
-1.12
-1.02
-0.957
-0.866
-0.708
-0.592
-0.433
-0.144
-0.086
0.1001
0.4099
0.5952
0.8418
1.011
1.161
1.511
1.562
1.846
1.981
2.213
2.381
2.588
2.802
2.978
3.175
3.292
3.419
3.487
3.512
3.494
3.393
3.285
3.094
2.894
2.745
2.506
2.393
2.229
2.093
1.965
1.843
1.652
1.58
1.353
1.25
1.106
0.9158
0.6914
0.5908
0.2593
0.1101
-0.269
-0.703
-1.03
-1.83
-2.39
-2.86
-3.47
-3.82
-4
-4
-4
-4
-4
-4
-4
-4
-4
-3.6
-3.32
-2.93
-2.72
-2.58
-2.38
-1.98
-1.78
-1.54
-1.47
-1.4
-1.34
-1.29
-1.2
-1.18
-1.07
-1.04
-0.936
-1
-0.946
-0.702
-0.601
-0.421
-0.216
0.0815
0.2192
0.5007
0.8403
1.029
1.23
1.417
1.726
1.863
2.188
2.323
2.576
2.728
2.912
3.043
3.225
3.319
3.386
3.42
3.413
3.351
3.264
3.119
2.997
2.814
2.717
2.524
2.381
2.307
2.128
2.057
1.913
1.745
1.531
1.398
1.249
1.151
0.9004
0.8496
0.667
0.3523
0.3699
-0.088
-0.295
-0.767
-1.28
-1.75
-2.35
-3.07
-3.98
-4
-4
-4
-4
-4
-4
-4
-4
-4
-4
-3.63
-3.3
-2.87
-2.58
-2.28
-2.16
-1.96
-1.91
-1.81
-1.75
-1.65
-1.57
-1.5
-1.41
-1.33
-1.19
-1.11
-0.952
-0.809
-0.466
-0.646
-0.281
-0.002
0.1646
0.4197
0.5518
0.8794
1.028
1.262
1.475
1.691
1.705
2.007
2.231
2.425
2.655
2.824
3.039
3.19
3.321
3.408
3.403
3.387
3.344
3.169
3.055
2.876
2.756
2.613
2.563
2.433
2.342
2.146
1.988
1.78
1.589
1.444
1.165
1.064
0.8535
0.7261
0.5134
0.3774
0.0239
-0.179
-0.594
-1.12
-1.41
-2.17
-2.52
-3.17
-3.53
-3.96
-4
-4
-4
-4
-4
-4
-4
-3.94
-3.58
-3.33
-2.93
-2.72
-2.46
-2.21
-2.05
-1.85
-1.74
-1.59
-1.53
-1.39
-1.3
-1.2
-1.13
-0.846
-0.833
-0.686
-0.543
-0.426
-0.252
-0.132
0.1003
0.2029
0.5276
0.6089
0.8467
1.201
1.228
1.524
1.737
1.998
2.194
2.42
2.575
2.845
3.066
3.223
3.424
3.536
3.63
3.65
3.636
3.577
3.433
3.291
3.188
2.97
2.865
2.699
2.507
2.305
2.096
1.852
1.734
1.502
1.36
1.211
1.014
0.9182
0.7532
0.6257
0.417
0.3081
-0.05
-0.386
-0.709
-1.17
-1.66
-2.44
-2.86
-3.46
-3.82
-4
-4
-4
-4
-4
-4
-4
-4
-4
-3.73
-3.45
-3.1
-2.92
-2.64
-2.45
-2.2
-1.95
-1.82
-1.6
-1.5
-1.31
-1.23
-1.08
-0.965
-0.794
-0.726
-0.643
-0.552
-0.425
-0.302
-0.194
0.0269
0.1472
0.2192
0.4468
0.5811
0.7737
1.104
1.261
1.355
1.563
1.706
1.998
2.212
2.479
2.651
2.844
3.065
3.197
3.415
3.528
3.628
3.67
3.628
3.583
3.398
3.251
3.058
2.855
2.724
2.488
2.301
2.088
1.962
1.774
1.678
1.51
1.392
1.287
1.139
1.048
0.8657
0.6697
0.4619
0.1792
-0.133
-0.375
-0.696
-0.957
-1.58
-2.26
-2.79
-3.46
-3.77
-4
-4
-4
-4
-4
-4
-4
-4
-4
-4
-4
-3.86
-3.59
-3.25
-3.04
-2.69
-2.48
-2.2
-1.96
-1.77
-1.56
-1.44
-1.3
-1.22
-1.1
-1.07
-0.987
-0.929
-0.743
-0.777
-0.668
-0.555
-0.452
-0.272
-0.141
0.1211
0.2239
0.4558
0.7644
0.8525
1.123
1.374
1.596
1.788
1.98
2.146
2.384
2.54
2.767
2.924
3.045
3.173
3.261
3.303
3.35
3.377
3.276
3.147
3.027
2.821
2.641
2.563
2.403
2.301
2.089
1.952
1.76
1.606
1.452
1.353
1.181
1.061
0.967
0.8362
0.7209
0.4092
0.2744
-0.236
-0.453
-1.01
-1.33
-1.94
-2.71
-3.17
-3.69
-4
-4
-4
-4
-4
-4
-4
-4
-4
-3.7
-3.18
-2.85
-2.48
-2.26
-1.97
-1.82
-1.6
-1.4
-1.3
-1.15
-1.04
-0.954
-0.826
-0.599
-0.664
-0.539
-0.502
-0.462
-0.412
-0.368
-0.32
-0.224
-0.042
-0.012
0.2048
0.343
0.4109
0.7195
0.8931
1.097
1.224
1.436
1.567
1.794
1.944
2.153
2.292
2.521
2.658
2.857
3.043
3.151
3.278
3.333
3.344
3.324
3.212
3.125
2.937
2.805
2.637
2.445
2.337
2.172
2.057
1.859
1.771
1.564
1.491
1.312
1.169
1.039
0.7051
0.5593
0.2009
-0.218
-0.583
-0.993
-1.67
-2.2
-2.86
-3.31
-3.48
-3.88
-4
-4
-4
-4
-4
-4
-3.88
-3.4
-2.97
-2.75
-2.38
-2.14
-1.88
-1.7
-1.5
-1.42
-1.33
-1.3
-1.24
-1.17
-1.15
-1.06
-1.03
-0.913
-0.786
-0.734
-0.665
-0.554
-0.472
-0.325
-0.178
-0.066
0.1218
0.1931
0.4438
0.582
0.8594
1.062
1.41
1.739
2.003
2.266
2.491
2.831
3.04
3.256
3.358
3.523
3.572
3.542
3.494
3.413
3.267
3.187
3.002
2.898
2.642
2.501
2.23
2.052
1.88
1.682
1.566
1.344
1.268
1.055
0.9258
0.6948
0.4946
0.2476
-0.062
-0.315
-0.794
-1.09
-1.58
-1.91
-2.43
-2.81
-3.22
-3.44
-3.84
-4
-4
-4
-4
-4
-3.93
-3.65
-3.45
-3.16
-2.91
-2.61
-2.47
-2.26
-2.02
-1.88
-1.72
-1.61
-1.51
-1.4
-1.29
-1.23
-1.11
-1.03
-0.904
-0.696
-0.74
-0.59
-0.487
-0.274
-0.187
0.061
0.2344
0.4241
0.6191
0.8945
1.048
1.354
1.55
1.756
2.039
2.278
2.659
2.81
3.052
3.2
3.404
3.568
3.62
3.678
3.623
3.511
3.461
3.303
3.237
3.048
2.956
2.777
2.504
2.338
2.094
1.965
1.74
1.652
1.491
1.399
1.245
1.085
0.9915
0.8206
0.7134
0.4834
0.3022
0.0337
-0.175
-0.531
-0.844
-1.41
-2.11
-2.58
-3.23
-3.58
-3.97
-4
-4
-4
-4
-4
-4
-3.95
-3.77
-3.36
-3.06
-2.78
-2.61
-2.3
-2.19
-1.98
-1.89
-1.79
-1.66
-1.58
-1.52
-1.47
-1.4
-1.33
-1.26
-1.15
-1.04
-0.905
-0.749
-0.665
-0.556
-0.285
-0.185
0.0337
0.2026
0.405
0.4597
0.8535
1.017
1.25
1.522
1.686
1.961
2.123
2.389
2.61
2.852
3.069
3.281
3.398
3.611
3.745
3.796
3.823
3.783
3.676
3.525
3.345
3.203
2.976
2.799
2.573
2.303
2.154
1.93
1.795
1.575
1.46
1.272
1.162
0.9749
0.9417
0.8245
0.6421
0.4841
0.3005
0.0452
-0.33
-0.475
-0.982
-1.25
-1.79
-2.58
-3.05
-3.46
-3.72
-4
-4
-4
-4
-4
-4
-4
-4
-3.98
-3.65
-3.4
-3.07
-2.91
-2.7
-2.57
-2.36
-2.23
-2.04
-1.85
-1.73
-1.59
-1.5
-1.39
-1.27
-1.15
-1.08
-0.939
-1
-0.812
-0.621
-0.501
-0.268
-0.118
0.0952
0.2708
0.4954
0.6248
0.8906
1.047
1.324
1.671
1.922
2.33
2.599
2.996
3.168
3.435
3.601
3.803
3.944
4
3.99
3.91
3.733
3.618
3.342
3.199
2.922
2.822
2.566
2.436
2.24
1.991
1.872
1.634
1.524
1.344
1.243
1.084
1.031
0.8494
0.7214
0.5183
0.1948
0.0168
-0.382
-0.589
-0.956
-1.26
-1.81
-2.21
-2.86
-3.22
-3.8
-4
-4
-4
-4
-4
-4
-4
-4
-4
-4
-3.85
-3.58
-3.34
-3.08
-2.89
-2.66
-2.45
-2.21
-2.02
-1.81
-1.61
-1.49
-1.34
-1.22
-1.08
-1.03
-0.893
-0.82
-0.693
-0.626
-0.397
-0.253
-0.127
0.1685
0.3398
0.6621
0.8855
1.286
1.387
1.613
1.819
2.208
2.57
2.796
3.051
3.207
3.507
3.675
3.892
3.982
4
4
3.902
3.76
3.587
3.299
3.113
2.873
2.727
2.443
2.284
2.082
1.912
1.719
1.562
1.446
1.185
1.127
0.8848
0.7756
0.5608
0.3582
0.0425
-0.175
-0.612
-1.1
-1.41
-2.07
-2.45
-3.01
-3.4
-3.91
-4
-4
-4
-4
-4
-4
-4
-4
-3.98
-3.73
-3.36
-3.17
-2.93
-2.7
-2.56
-2.27
-2.16
-1.94
-1.8
-1.61
-1.49
-1.31
-1.22
-1.09
-0.983
-0.89
-0.83
-0.8
-0.763
-0.658
-0.519
-0.419
-0.35
-0.237
-0.13
0.1238
0.2622
0.4463
0.6111
0.8354
0.9556
1.241
1.325
1.53
1.707
1.911
2.149
2.284
2.469
2.586
2.756
2.853
2.981
3.062
3.118
3.144
3.161
3.095
3.048
2.954
2.857
2.7
2.575
2.409
2.293
2.118
2.024
1.766
1.687
1.451
1.381
1.266
1.13
1.111
0.8586
0.791
0.4829
0.2378
-0.09
-0.562
-0.894
-1.57
-2.02
-2.56
-2.94
-3.41
-3.71
-4
-4
-4
-4
-4
-4
-4
-4
-4
-3.69
-3.38
-3
-2.73
-2.49
-2.3
-2.15
-1.99
-1.91
-1.79
-1.74
-1.61
-1.54
-1.44
-1.32
-1.21
-1.1
-0.989
-0.907
-0.806
-0.629
-0.526
-0.243
-0.033
0.1462
0.2639
0.4941
0.7168
0.9375
1.261
1.421
1.641
1.813
2.094
2.32
2.685
2.992
3.224
3.446
3.568
3.753
3.81
3.857
3.842
3.712
3.631
3.425
3.185
3.014
2.812
2.689
2.448
2.35
2.123
1.949
1.793
1.687
1.485
1.351
1.204
1.052
1.005
0.7856
0.7219
0.5115
0.2761
0.012
-0.237
-0.653
-1.02
-1.35
-1.97
-2.46
-2.98
-3.36
-3.8
-4
-4
-4
-4
-4
-4
-4
-4
-4
-3.89
-3.38
-3.1
-2.73
-2.47
-2.33
-2.1
-1.99
-1.82
-1.75
-1.66
-1.6
-1.54
-1.47
-1.36
-1.23
-1.13
-0.959
-0.795
-0.588
-0.484
-0.374
-0.169
0.1133
0.3484
0.6826
1.001
1.233
1.636
1.924
2.358
2.726
3.05
3.22
3.456
3.587
3.72
3.804
3.816
3.76
3.665
3.501
3.342
3.057
2.918
2.677
2.543
2.222
2.078
1.881
1.685
1.565
1.385
1.252
1.128
1.012
0.8611
0.7471
0.4785
0.175
-0.02
-0.407
-0.638
-0.993
-1.29
-1.74
-2.06
-2.6
-2.97
-3.51
-3.9
-4
-4
-4
-4
-4
-4
-4
-4
-3.91
-3.72
-3.43
-3.25
-3.03
-2.89
-2.76
-2.66
-2.48
-2.36
-2.17
-1.97
-1.85
-1.68
-1.59
-1.41
-1.3
-1.16
-1.06
-1.05
-0.968
-0.822
-0.683
-0.525
-0.324
-0.198
-0.018
0.1604
0.3091
0.4653
0.7253
0.875
1.316
1.608
1.683
1.989
2.297
2.644
2.839
3.058
3.232
3.853
4
3.783
3.52
3.406
3.226
3.272
3.142
2.99
2.763
2.583
2.323
2.183
1.936
1.727
1.615
1.416
1.267
1.026
0.8684
0.6233
0.4468
0.1536
0.0391
-0.244
-0.484
-0.694
-0.986
-1.16
-1.4
-1.58
-1.79
-1.97
-2.22
-2.42
-2.47
-2.47
-2.43
-2.31
-2.23
-2.12
-2.04
-1.9
-1.78
-1.58
-1.44
-1.37
-1.24
-1.16
-0.996
-0.921
-0.811
-0.733
-0.647
-0.608
-0.533
-0.468
-0.451
-0.385
-0.362
-0.309
-0.271
-0.225
-0.186
-0.169
-0.149
-0.105
-0.076
-0.052
-0.044
-0.015
0.0007
-0.001
0.053
0.0684
0.1162
0.1328
0.1799
0.2065
0.2283
0.2483
0.2708
0.3206
0.3477
0.3538
0.3943
0.4377
0.4758
0.5012
0.5437
0.575
0.6011
0.5989
0.6094
0.6091
0.6072
0.6057
0.5703
0.5359
0.5051
0.4939
0.4951
0.4902
0.511
0.5125
0.5259
0.5364
0.5422
0.5503
0.5742
0.604
0.6362
0.6348
0.6406
0.6282
0.614
0.5923
0.5713
0.5532
0.5312
0.5444
0.5071
0.4717
0.4678
0.4846
0.4849
0.509
0.5005
0.5168
0.5415
0.4844
0.4661
0.4487
0.4421
0.4275
0.4277
0.4219
0.3999
0.3979
0.3992
0.3997
0.3899
0.3865
0.396
0.4001
0.4229
0.4131
0.3965
0.3906
0.3857
0.3887
0.384
0.377
0.3677
0.3506
0.3325
0.2856
0.248
0.2385
0.2163
0.1892
0.1401
0.1179
0.0676
0.0168
-0.018
-0.072
-0.125
-0.182
-0.237
-0.297
-0.332
-0.385
-0.399
-0.463
-0.534
-0.553
-0.607
-0.637
-0.678
-0.692
-0.74
-0.748
-0.778
-0.779
-0.784
-0.778
-0.773
-0.74
-0.71
-0.644
-0.612
-0.52
-0.454
-0.374
-0.293
-0.23
-0.15
-0.085
0.0056
0.0398
0.1238
0.2683
0.447
0.4802
0.4241
0.4246
0.5076
0.6797
0.7695
0.8652
0.9104
1.021
1.1
1.28
1.386
1.568
1.741
2.017
2.551
2.328
2.219
2.179
2.196
2.188
2.155
2.122
2.024
1.885
1.826
1.717
1.651
1.572
1.497
1.415
1.305
1.124
1.021
0.8328
0.6396
0.4758
0.1665
-0.06
-0.402
-0.647
-1.03
-1.29
-1.89
-2.15
-2.66
-3.1
-3.25
-3.4
-3.45
-3.47
-3.46
-3.37
-3.26
-3.08
-2.85
-2.68
-2.49
-2.4
-2.33
-2.21
-2.14
-2
-1.83
-1.74
-1.5
-1.37
-1.35
-1.24
-1.18
-1.14
-1.06
-0.982
-0.973
-0.817
-0.788
-0.751
-0.612
-0.556
-0.375
-0.282
-0.065
0.0869
0.2949
0.4548
0.6504
0.7944
1.011
1.177
1.285
1.462
1.614
1.764
2.005
2.176
2.222
2.421
2.549
2.637
2.796
2.883
2.938
2.983
2.992
2.96
2.872
2.815
2.693
2.519
2.446
2.317
2.227
2.055
1.972
1.728
1.649
1.458
1.339
1.187
1.009
0.8977
0.7322
0.5713
0.366
0.1448
-0.133
-0.442
-0.678
-0.952
-1.27
-1.62
-1.78
-2.1
-2.26
-2.72
-3.02
-3.28
-3.44
-3.52
-3.54
-3.52
-3.46
-3.39
-3.22
-3.06
-2.8
-2.63
-2.35
-2.17
-1.95
-1.78
-1.56
-1.37
-1.25
-1.14
-1.04
-0.943
-0.895
-0.822
-0.768
-0.725
-0.699
-0.674
-0.659
-0.655
-0.607
-0.593
-0.52
-0.475
-0.327
-0.256
-0.13
0.054
0.1812
0.3767
0.5708
0.8032
0.9929
1.286
1.477
1.805
2.018
2.284
2.557
2.728
2.991
3.115
3.266
3.334
3.381
3.381
3.292
3.207
3.035
2.813
2.663
2.431
2.289
2.06
1.925
1.743
1.6
1.417
1.296
1.133
0.946
0.8274
0.5959
0.4414
0.2507
0.0786
-0.213
-0.363
-0.632
-0.863
-1.13
-1.52
-1.8
-2.3
-2.58
-2.93
-3.14
-3.37
-3.48
-3.6
-3.61
-3.55
-3.4
-3.28
-3.09
-2.97
-2.81
-2.66
-2.5
-2.35
-2.19
-1.97
-1.9
-1.74
-1.64
-1.51
-1.4
-1.3
-1.22
-1.12
-1.07
-1.02
-0.954
-0.912
-0.876
-0.854
-0.829
-0.815
-0.741
-0.702
-0.61
-0.527
-0.448
-0.244
-0.17
0.0562
0.2017
0.4011
0.5776
0.9221
1.103
1.191
1.307
1.581
1.959
2.226
2.575
2.792
3.082
3.229
3.463
3.632
3.764
3.812
3.817
3.687
3.601
3.425
3.271
3.038
2.887
2.628
2.45
2.216
1.936
1.797
1.595
1.422
1.225
1.103
0.8596
0.6797
0.4963
0.2712
0.054
-0.334
-0.463
-0.846
-1.03
-1.4
-1.77
-2.33
-2.6
-2.98
-3.09
-3.17
-3.31
-3.38
-3.42
-3.43
-3.35
-3.3
-3.23
-3.19
-3.09
-3.03
-2.87
-2.67
-2.53
-2.29
-2.17
-1.99
-1.85
-1.66
-1.53
-1.37
-1.29
-1.19
-1.09
-1.04
-0.985
-0.952
-0.912
-0.886
-0.859
-0.83
-0.748
-0.611
-0.503
-0.323
-0.214
-0.01
0.1138
0.3289
0.4668
0.6304
0.8135
1.029
1.207
1.394
1.621
1.772
2.021
2.232
2.503
2.689
2.952
3.133
3.329
3.422
3.479
3.498
3.472
3.392
3.314
3.121
2.99
2.787
2.658
2.47
2.297
2.214
2.016
1.906
1.745
1.606
1.429
1.296
1.166
0.9629
0.8293
0.6292
0.4614
0.2297
0.0183
-0.184
-0.526
-0.757
-1.15
-1.6
-2.08
-2.47
-2.89
-3.13
-3.57
-3.73
-3.9
-3.97
-3.98
-3.97
-3.93
-3.86
-3.82
-3.67
-3.52
-3.26
-3.04
-2.74
-2.54
-2.25
-2.12
-1.88
-1.66
-1.55
-1.28
-1.19
-1.13
-1.08
-1
-0.982
-0.874
-0.777
-0.743
-0.644
-0.584
-0.488
-0.386
-0.235
-0.191
0.0342
0.1509
0.2969
0.5085
0.6477
0.8423
0.9758
1.145
1.289
1.49
1.615
1.812
2.023
2.129
2.294
2.387
2.53
2.605
2.694
2.729
2.771
2.764
2.715
2.615
2.528
2.375
2.26
2.087
1.955
1.799
1.699
1.557
1.468
1.328
1.213
1.148
0.9961
0.8765
0.6665
0.5605
0.2964
0.1641
-0.092
-0.349
-0.548
-0.814
-1.07
-1.44
-1.63
-2.1
-2.34
-2.6
-2.79
-3.01
-3.12
-3.19
-3.18
-3.13
-3.02
-2.93
-2.79
-2.7
-2.53
-2.41
-2.26
-2.13
-2.03
-1.86
-1.77
-1.63
-1.57
-1.46
-1.42
-1.38
-1.35
-1.3
-1.26
-1.13
-1.05
-0.98
-0.793
-0.726
-0.575
-0.496
-0.319
-0.125
-0.019
0.2061
0.3418
0.5864
0.7656
1.002
1.18
1.434
1.677
2.018
2.286
2.383
2.593
2.817
3.113
3.253
3.436
3.477
3.459
3.415
3.334
3.224
3.154
3.026
2.975
2.828
2.749
2.631
2.57
2.341
2.245
2.078
1.884
1.761
1.549
1.393
1.247
1.176
1.039
0.9656
0.8193
0.709
0.5378
0.2668
0.0979
-0.255
-0.568
-0.82
-1.11
-1.42
-1.87
-2.38
-2.67
-3.05
-3.34
-3.48
-3.71
-3.83
-3.93
-4
-4
-4
-4
-3.95
-3.78
-3.51
-3.3
-3.03
-2.84
-2.57
-2.42
-2.18
-2.01
-1.85
-1.68
-1.53
-1.35
-1.23
-1.07
-0.989
-0.856
-0.812
-0.724
-0.705
-0.562
-0.523
-0.456
-0.322
-0.24
-0.085
0.0142
0.2207
0.3621
0.563
0.6819
0.8921
1.097
1.191
1.496
1.676
1.951
2.123
2.41
2.631
2.939
3.151
3.441
3.739
3.917
3.979
4
4
4
3.878
3.717
3.41
3.174
2.844
2.624
2.376
2.134
1.969
1.67
1.536
1.314
1.205
0.9976
0.7991
0.6328
0.3535
0.1553
-0.17
-0.472
-0.709
-0.959
-1.3
-1.48
-1.87
-2.31
-2.67
-3.2
-3.47
-3.8
-3.99
-4
-4
-4
-3.92
-3.71
-3.48
-3.3
-3.03
-2.85
-2.6
-2.46
-2.29
-2.22
-2.14
-2.07
-1.95
-1.81
-1.71
-1.59
-1.51
-1.33
-1.27
-1.14
-1.07
-0.954
-0.911
-0.805
-0.686
-0.595
-0.344
-0.252
-0.036
0.1096
0.3645
0.5391
0.7866
1.05
1.22
1.551
1.916
2.263
2.176
2.418
2.751
3.175
3.422
3.552
3.593
3.625
3.691
3.704
3.722
3.733
3.655
3.576
3.421
3.252
3.043
2.832
2.66
2.422
2.268
2.047
1.988
1.732
1.585
1.332
1.162
0.9978
0.7734
0.6382
0.3994
0.1997
-0.068
-0.274
-0.664
-0.901
-1.38
-1.94
-2.38
-3.02
-3.42
-3.89
-4
-4
-4
-4
-4
-4
-4
-4
-4
-3.91
-3.41
-3.07
-2.66
-2.43
-2.13
-1.96
-1.69
-1.5
-1.34
-1.18
-1.09
-0.981
-0.915
-0.844
-0.81
-0.74
-0.704
-0.66
-0.564
-0.51
-0.381
-0.256
-0.121
0.0525
0.1819
0.3284
0.6201
0.7893
1.108
1.449
1.67
2.025
2.247
2.594
2.818
3.158
3.366
3.621
3.836
3.913
3.992
3.96
3.821
3.69
3.421
3.215
2.878
2.633
2.342
2.066
1.906
1.707
1.563
1.388
1.29
1.103
1.002
0.7483
0.5925
0.3081
-0.004
-0.274
-0.611
-0.906
-1.35
-1.68
-2.34
-2.67
-3.26
-3.65
-4
-4
-4
-4
-4
-4
-4
-3.6
-3.29
-2.79
-2.49
-2.18
-1.96
-1.81
-1.59
-1.49
-1.31
-1.24
-1.14
-1.1
-1.04
-1
-0.978
-0.955
-0.928
-0.894
-0.858
-0.819
-0.742
-0.699
-0.617
-0.489
-0.312
-0.19
-0.009
0.082
0.3223
0.4575
0.7161
0.9055
1.146
1.349
1.675
2.039
2.282
2.642
2.97
3.354
3.466
3.731
3.841
3.911
3.952
3.874
3.654
3.447
3.105
2.902
2.672
2.5
2.266
2.115
1.892
1.765
1.5
1.281
1.11
0.9302
0.7915
0.5955
0.4753
0.1956
-0.002
-0.406
-0.745
-1.02
-1.46
-1.82
-2.31
-2.86
-3.36
-3.69
-4
-4
-4
-4
-4
-4
-4
-3.96
-3.77
-3.38
-3.09
-2.71
-2.46
-2.12
-1.81
-1.63
-1.39
-1.23
-1.04
-0.97
-0.974
-0.999
-1.02
-1.03
-1.02
-0.978
-0.927
-0.86
-0.76
-0.655
-0.583
-0.417
-0.318
-0.103
0.0391
0.3533
0.5234
0.7681
0.9668
1.24
1.473
1.704
1.961
2.149
2.409
2.575
2.8
3.028
3.151
3.368
3.447
3.531
3.561
3.52
3.461
3.305
3.118
2.986
2.731
2.59
2.421
2.275
2.111
2.02
1.817
1.7
1.5
1.356
1.246
1.062
0.9827
0.8296
0.7795
0.6843
0.5581
0.4512
0.3455
0.1458
-0.035
-0.128
-0.361
-0.512
-0.841
-1.12
-1.49
-1.91
-2.63
-3.04
-3.6
-4
-4
-4
-4
-4
-4
-4
-4
-3.93
-3.64
-3.15
-2.71
-2.41
-2.07
-1.87
-1.62
-1.44
-1.27
-1.16
-1.05
-1
-0.923
-0.875
-0.846
-0.838
-0.835
-0.815
-0.791
-0.708
-0.635
-0.496
-0.395
-0.185
0.002
0.1443
0.4072
0.5537
0.7705
0.9197
1.099
1.219
1.419
1.646
1.806
1.874
2.213
2.445
2.537
2.733
2.795
3.009
3.112
3.214
3.26
3.224
3.137
3.038
2.895
2.736
2.631
2.541
2.404
2.332
2.136
2.018
1.895
1.644
1.501
1.289
1.195
1.077
0.989
0.9397
0.8386
0.7129
0.5176
0.3423
0.0161
-0.198
-0.674
-0.715
-1.23
-1.47
-1.94
-2.37
-2.94
-3.52
-3.85
-4
-4
-4
-4
-4
-4
-3.74
-3.49
-3.05
-2.63
-2.33
-1.98
-1.79
-1.52
-1.38
-1.16
-1.03
-0.89
-0.801
-0.713
-0.645
-0.602
-0.583
-0.578
-0.553
-0.528
-0.531
-0.484
-0.442
-0.375
-0.24
-0.017
0.0427
0.2695
0.4817
0.6443
0.8425
1.107
1.259
1.543
1.781
1.948
2.177
2.337
2.577
2.673
2.692
2.764
2.832
2.84
2.873
2.827
2.794
2.751
2.696
2.587
2.487
2.338
2.233
2.104
1.996
1.839
1.664
1.577
1.421
1.32
1.218
1.09
0.9397
0.8015
0.613
0.5527
0.3096
0.0676
-0.092
-0.286
-0.461
-0.713
-0.862
-1.17
-1.46
-1.76
-1.94
-2.21
-2.55
-2.72
-2.96
-3.09
-3.17
-3.18
-3.17
-3.14
-3.11
-3.06
-2.98
-2.88
-2.77
-2.58
-2.48
-2.33
-2.2
-1.99
-1.85
-1.62
-1.48
-1.28
-1.12
-1.04
-0.927
-0.866
-0.765
-0.665
-0.541
-0.467
-0.317
-0.271
-0.08
0.0574
0.1482
0.355
0.4966
0.7266
0.887
1.037
1.226
1.558
1.627
1.844
2.204
2.347
2.656
2.834
3.082
3.208
3.355
3.408
3.449
3.415
3.383
3.299
3.187
2.982
2.847
2.592
2.482
2.326
2.185
1.997
1.852
1.742
1.616
1.563
1.374
1.291
1.148
1.029
0.8745
0.7859
0.645
0.5232
0.4309
0.2451
0.1174
-0.064
-0.239
-0.549
-0.796
-1.27
-1.61
-2.3
-3.01
-3.48
-3.96
-4
-4
-4
-4
-4
-4
-4
-4
-3.89
-3.55
-3.07
-2.77
-2.43
-2.23
-1.97
-1.81
-1.61
-1.5
-1.35
-1.21
-1.13
-1.02
-0.953
-0.871
-0.85
-0.759
-0.75
-0.623
-0.552
-0.415
-0.214
-0.125
0.103
0.2407
0.5657
0.7192
0.9858
1.187
1.48
1.679
2.049
2.412
2.544
3.005
3.184
3.492
3.663
3.838
3.93
4
3.998
3.917
3.742
3.606
3.356
3.188
2.902
2.739
2.473
2.302
2.026
1.873
1.721
1.498
1.4
1.285
1.189
1.106
0.9895
0.856
0.6824
0.5264
0.3296
0.0459
-0.272
-0.41
-0.833
-0.995
-1.55
-1.97
-2.57
-3.08
-3.81
-4
-4
-4
-4
-4
-4
-4
-4
-3.86
-3.6
-3.19
-2.76
-2.5
-2.21
-2.06
-1.86
-1.77
-1.67
-1.61
-1.56
-1.52
-1.43
-1.37
-1.33
-1.24
-1.17
-1.04
-0.948
-0.806
-0.721
-0.635
-0.498
-0.274
-0.065
0.062
0.3259
0.5095
0.7419
0.9976
1.253
1.484
1.823
1.933
2.268
2.514
2.745
3.135
3.233
3.558
3.692
3.827
3.908
3.934
3.924
3.855
3.693
3.547
3.283
3.106
2.887
2.733
2.518
2.356
2.154
2.014
1.756
1.522
1.378
1.086
0.8364
0.6189
0.3005
0.0007
-0.261
-0.689
-1.11
-1.52
-1.87
-2.38
-2.86
-3.2
-3.67
-3.89
-4
-4
-4
-4
-4
-4
-3.93
-3.67
-3.48
-3.18
-2.98
-2.72
-2.58
-2.41
-2.29
-2.22
-2.08
-1.98
-1.87
-1.81
-1.69
-1.61
-1.49
-1.41
-1.32
-1.23
-1.14
-1.05
-0.956
-0.885
-0.76
-0.629
-0.501
-0.267
-0.074
0.0801
0.3594
0.5464
0.8088
1.03
1.341
1.563
1.968
2.24
2.564
2.757
3.125
3.435
3.646
3.895
3.991
4
4
4
3.99
3.908
3.876
3.736
3.556
3.438
3.224
3.021
2.745
2.574
2.237
2.081
1.815
1.7
1.455
1.174
1.016
0.5828
0.4294
-0.067
-0.437
-0.77
-1.14
-1.63
-2.01
-2.61
-3.02
-3.31
-3.51
-3.62
-3.7
-3.73
-3.72
-3.68
-3.46
-3.21
-3.06
-2.76
-2.54
-2.26
-2.14
-2
-1.97
-1.88
-1.86
-1.84
-1.81
-1.77
-1.74
-1.7
-1.57
-1.56
-1.53
-1.45
-1.34
-1.29
-1.21
-1.13
-1.07
-0.967
-0.862
-0.672
-0.625
-0.358
-0.209
-0.029
0.23
0.3899
0.6807
0.8484
1.092
1.323
1.556
1.779
2.088
2.259
2.555
2.723
3
3.219
3.386
3.467
3.545
3.693
3.673
3.662
3.545
3.458
3.359
3.175
3.017
2.892
2.704
2.565
2.436
2.378
2.145
1.972
1.688
1.527
1.295
1.072
0.9841
0.696
0.6279
0.2761
0.2288
-0.185
-0.391
-0.526
-0.753
-0.984
-1.35
-1.59
-2.01
-2.34
-2.69
-2.94
-3.22
-3.34
-3.17
-2.9
-2.91
-3.05
-3.12
-3.16
-3.18
-3.22
-3.25
-3.2
-3.08
-2.89
-2.73
-2.56
-2.24
-2.04
-1.81
-1.72
-1.58
-1.48
-1.4
-1.34
-1.28
-1.21
-1.16
-1.01
-0.927
-0.783
-0.676
-0.488
-0.343
-0.12
0.0447
0.2605
0.5291
0.6968
0.9875
1.195
1.526
1.727
2.052
2.241
2.539
2.69
2.969
3.134
3.218
3.307
3.334
3.341
3.334
3.279
3.274
3.221
3.168
3.023
2.81
2.633
2.376
2.209
1.957
1.822
1.597
1.424
1.198
1.094
0.9072
0.7273
0.5857
0.4312
0.3008
0.1445
0.0283
-0.11
-0.237
-0.42
-0.574
-0.856
-1.11
-1.38
-1.77
-2.05
-2.54
-2.8
-3.16
-3.3
-3.41
-3.43
-3.38
-3.27
-3.15
-3.02
-2.91
-2.79
-2.71
-2.58
-2.51
-2.4
-2.3
-2.23
-2.14
-2.07
-1.95
-1.89
-1.8
-1.77
-1.7
-1.65
-1.57
-1.51
-1.47
-1.4
-1.34
-1.25
-1.16
-0.972
-0.919
-0.709
-0.59
-0.382
-0.173
-0.09
0.1982
0.283
0.5405
0.7046
0.8926
1.038
1.268
1.435
1.699
1.954
2.144
2.44
2.613
2.861
3.002
3.179
3.292
3.513
3.536
3.575
3.404
3.419
3.303
3.167
2.994
2.871
2.721
2.596
2.424
2.238
2.074
1.9
1.76
1.69
1.392
1.282
1.165
0.9019
0.906
0.6575
0.3992
0.1387
0.0359
-0.209
-0.366
-0.695
-0.857
-1.09
-1.64
-2.01
-2.69
-3.31
-3.61
-3.91
-4
-3.98
-3.98
-4
-3.89
-3.61
-3.59
-3.63
-3.43
-3.2
-2.84
-2.63
-2.32
-2.12
-1.86
-1.7
-1.46
-1.34
-1.21
-1.11
-1.07
-0.998
-0.97
-0.948
-0.929
-0.899
-0.867
-0.835
-0.819
-0.798
-0.727
-0.666
-0.553
-0.461
-0.284
-0.191
-0.002
0.1309
0.3542
0.5854
0.7468
0.8906
1.022
1.208
1.367
1.581
1.708
1.906
2.045
2.229
2.416
2.538
2.68
2.78
2.901
2.943
2.96
2.982
2.971
2.929
2.851
2.742
2.663
2.538
2.435
2.28
2.168
2.079
2.008
1.838
1.735
1.609
1.386
1.31
1.082
0.9297
0.741
0.6924
0.4797
0.603
0.2502
0.2832
-0.042
-0.255
-0.46
-0.812
-1.08
-1.52
-1.71
-2.14
-2.45
-2.75
-2.95
-3.01
-3.07
-3.12
-3.21
-3.24
-3.26
-3.22
-3.11
-2.99
-2.79
-2.56
-2.38
-2.12
-1.95
-1.74
-1.63
-1.45
-1.32
-1.21
-1.16
-1.09
-1.04
-1
-1
-1
-0.959
-0.933
-0.897
-0.868
-0.716
-0.636
-0.561
-0.429
-0.344
-0.162
-0.053
0.1477
0.2778
0.49
0.6421
0.8535
0.9851
1.205
1.417
1.63
1.824
1.971
2.056
2.139
2.226
2.272
2.326
2.311
2.355
2.335
2.31
2.287
2.26
2.178
2.125
2.035
1.961
1.899
1.745
1.678
1.509
1.383
1.217
1.121
0.9387
0.8394
0.6333
0.5076
0.3618
0.1843
0.0852
-0.012
-0.094
-0.213
-0.292
-0.388
-0.467
-0.542
-0.612
-0.697
-0.825
-0.884
-0.984
-1.05
-1.17
-1.24
-1.32
-1.35
-1.37
-1.39
-1.37
-1.34
-1.32
-1.25
-1.21
-1.14
-1.1
-1.03
-0.994
-0.902
-0.845
-0.754
-0.684
-0.639
-0.58
-0.548
-0.507
-0.508
-0.522
-0.531
-0.538
-0.523
-0.535
-0.56
-0.539
-0.494
-0.444
-0.388
-0.341
-0.231
-0.159
-0.031
0.0264
0.1277
0.29
0.415
0.5479
0.6353
0.7598
0.8513
0.9954
1.085
1.219
1.325
1.406
1.501
1.551
1.589
1.619
1.632
1.641
1.628
1.615
1.57
1.541
1.5
1.465
1.437
1.412
1.397
1.358
1.305
1.262
1.222
1.164
1.091
1.055
0.9648
0.8738
0.6909
0.5974
0.553
0.5171
0.428
0.3848
0.2349
0.0889
-0.069
-0.235
-0.341
-0.504
-0.662
-0.844
-1.01
-1.27
-1.42
-1.61
-1.75
-1.83
-1.9
-1.93
-1.94
-1.93
-1.85
-1.77
-1.64
-1.57
-1.4
-1.28
-1.18
-1.01
-0.884
-0.719
-0.619
-0.472
-0.428
-0.356
-0.342
-0.331
-0.304
-0.357
-0.352
-0.371
-0.394
-0.387
-0.342
-0.297
-0.24
-0.154
-0.071
0.0039
0.0847
0.1516
0.24
0.3777
0.4641
0.6318
0.7334
0.8992
1.014
1.189
1.357
1.474
1.632
1.726
1.87
1.968
2.063
2.116
2.187
2.214
2.223
2.228
2.226
2.196
2.157
2.095
2.04
1.974
1.908
1.813
1.711
1.612
1.499
1.424
1.313
1.21
1.1
0.9382
0.823
0.6692
0.5027
0.3347
0.1978
0.0337
-0.1
-0.319
-0.408
-0.621
-0.732
-0.948
-1.06
-1.25
-1.45
-1.58
-1.7
-1.75
-1.81
-1.81
-1.79
-1.77
-1.7
-1.65
-1.61
-1.53
-1.45
-1.36
-1.28
-1.18
-1.11
-1.04
-0.976
-0.892
-0.827
-0.781
-0.721
-0.68
-0.636
-0.614
-0.563
-0.531
-0.494
-0.462
-0.384
-0.317
-0.217
-0.087
0.0115
0.1936
0.3171
0.5117
0.6392
0.8423
0.98
1.136
1.371
1.491
1.698
1.83
1.995
2.111
2.226
2.286
2.344
2.356
2.371
2.354
2.327
2.291
2.261
2.191
2.134
2.017
1.953
1.826
1.736
1.678
1.576
1.501
1.371
1.321
1.098
1.133
0.9292
0.8403
0.6938
0.5359
0.4495
0.3364
0.2302
-0.04
-0.099
-0.402
-0.503
-0.722
-0.847
-1.06
-1.29
-1.43
-1.67
-1.84
-2.06
-2.2
-2.36
-2.46
-2.56
-2.6
-2.61
-2.59
-2.53
-2.43
-2.35
-2.16
-2.02
-1.78
-1.65
-1.47
-1.34
-1.15
-0.983
-0.882
-0.78
-0.717
-0.637
-0.59
-0.542
-0.513
-0.486
-0.438
-0.441
-0.349
-0.31
-0.205
-0.141
-0.033
0.0508
0.1912
0.2891
0.4609
0.6858
0.8462
1.084
1.244
1.473
1.647
1.864
2.004
2.18
2.277
2.392
2.481
2.53
2.57
2.581
2.583
2.551
2.498
2.449
2.34
2.265
2.134
2.005
1.903
1.787
1.689
1.535
1.435
1.286
1.188
0.9363
0.9099
0.6738
0.5139
0.2964
0.0273
-0.232
-0.585
-0.857
-1.26
-1.55
-1.96
-2.39
-2.67
-3.06
-3.26
-3.45
-3.49
-3.49
-3.41
-3.28
-3.13
-2.83
-2.51
-2.29
-1.96
-1.79
-1.59
-1.47
-1.32
-1.27
-1.22
-1.2
-1.17
-1.16
-1.12
-1.09
-1.05
-0.962
-0.943
-0.856
-0.807
-0.711
-0.686
-0.537
-0.385
-0.43
-0.252
-0.13
0.075
0.2336
0.4609
0.6421
0.8794
1.027
1.287
1.557
1.719
1.955
2.1
2.265
2.37
2.493
2.58
2.668
2.754
2.776
2.793
2.766
2.707
2.668
2.564
2.486
2.353
2.273
2.163
2.038
1.968
1.826
1.739
1.625
1.547
1.454
1.357
1.219
1.1
0.9626
0.7927
0.6853
0.4397
0.3423
0.2346
0.0513
-0.29
-0.52
-0.85
-1.13
-1.64
-2.11
-2.5
-3.06
-3.36
-3.71
-3.82
-3.89
-3.91
-3.89
-3.76
-3.6
-3.35
-3.17
-2.85
-2.63
-2.29
-2.06
-1.74
-1.55
-1.33
-1.16
-1.08
-0.959
-0.895
-0.815
-0.767
-0.717
-0.666
-0.651
-0.644
-0.61
-0.574
-0.525
-0.419
-0.328
-0.161
-0.059
0.1677
0.3032
0.5283
0.6401
0.8804
1.064
1.222
1.444
1.588
1.824
1.955
2.134
2.229
2.355
2.464
2.549
2.615
2.652
2.659
2.664
2.637
2.603
2.53
2.462
2.366
2.258
2.17
2.043
1.979
1.882
1.854
1.727
1.662
1.541
1.487
1.362
1.238
1.027
0.8855
0.8708
0.583
0.4419
0.2
-0.004
-0.268
-0.639
-1.04
-1.59
-1.97
-2.55
-2.88
-3.27
-3.43
-3.61
-3.68
-3.74
-3.71
-3.62
-3.41
-3.22
-2.89
-2.63
-2.25
-2
-1.7
-1.52
-1.29
-1.11
-1
-0.891
-0.809
-0.713
-0.658
-0.522
-0.495
-0.421
-0.364
-0.289
-0.21
-0.132
-0.03
0.0815
0.1765
0.2378
0.3879
0.4797
0.6301
0.8308
0.9844
1.157
1.293
1.483
1.609
1.809
1.927
2.121
2.241
2.401
2.55
2.618
2.685
2.692
2.681
2.693
2.652
2.609
2.497
2.416
2.287
2.176
2.092
1.96
1.88
1.739
1.643
1.484
1.4
1.297
1.198
1.069
0.8516
0.7563
0.5457
0.458
0.1621
-0.01
-0.368
-0.541
-0.957
-1.24
-1.74
-2.26
-2.53
-2.38
-2.41
-2.91
-3.25
-3.41
-3.48
-3.48
-3.32
-3.31
-3.21
-2.97
-2.78
-2.6
-2.28
-2.12
-1.89
-1.73
-1.52
-1.32
-1.19
-1.01
-0.912
-0.812
-0.736
-0.602
-0.526
-0.418
-0.335
-0.262
-0.179
-0.121
-0.053
-0.021
0.012
0.0374
0.0725
0.1001
0.1702
0.2104
0.3005
0.4175
0.4978
0.645
0.7622
0.9302
1.047
1.214
1.319
1.484
1.591
1.752
1.919
2.003
2.135
2.19
2.249
2.254
2.237
2.201
2.125
2.015
1.972
1.814
1.789
1.62
1.55
1.403
1.292
1.187
1.069
0.9019
0.7954
0.6716
0.3503
0.1521
-0.08
-0.308
-0.616
-0.808
-1.21
-1.5
-1.83
-2.1
-2.21
-2.4
-2.53
-2.75
-2.87
-2.98
-3
-2.99
-2.94
-2.82
-2.63
-2.48
-2.21
-1.98
-1.67
-1.52
-1.28
-1.13
-0.914
-0.765
-0.691
-0.608
-0.573
-0.504
-0.483
-0.425
-0.372
-0.285
-0.239
-0.177
-0.077
-0.007
0.126
0.2249
0.3677
0.47
0.6558
0.7861
1.005
1.143
1.342
1.557
1.676
1.862
1.97
2.138
2.242
2.358
2.436
2.504
2.548
2.586
2.585
2.562
2.49
2.439
2.328
2.248
2.146
2.084
1.975
1.906
1.835
1.728
1.665
1.579
1.469
1.405
1.297
1.188
1.109
0.9993
0.8884
0.7537
0.4932
0.373
0.0884
-0.08
-0.354
-0.592
-0.939
-1.17
-1.51
-1.86
-2.1
-2.41
-2.62
-2.88
-3.05
-3.25
-3.34
-3.42
-3.4
-3.24
-2.97
-2.76
-2.46
-2.25
-1.94
-1.75
-1.46
-1.31
-1.09
-0.961
-0.864
-0.779
-0.756
-0.736
-0.742
-0.722
-0.72
-0.686
-0.666
-0.59
-0.599
-0.541
-0.52
-0.477
-0.381
-0.325
-0.171
-0.056
0.136
0.2769
0.5112
0.6575
0.8938
1.105
1.257
1.483
1.609
1.828
1.984
2.181
2.322
2.512
2.637
2.695
2.727
2.73
2.723
2.697
2.635
2.583
2.466
2.392
2.258
2.119
2.042
1.924
1.847
1.741
1.666
1.487
1.466
1.287
1.205
1.058
0.8809
0.7988
0.6055
0.4026
0.0947
-0.144
-0.414
-0.597
-0.933
-1.17
-1.48
-1.92
-2.09
-2.48
-2.65
-2.95
-3.15
-3.38
-3.48
-3.57
-3.57
-3.46
-3.26
-3.09
-2.81
-2.58
-2.25
-2.02
-1.73
-1.56
-1.3
-1.17
-0.997
-0.861
-0.786
-0.709
-0.67
-0.595
-0.558
-0.5
-0.483
-0.424
-0.433
-0.365
-0.352
-0.299
-0.22
-0.159
-0.05
0.0505
0.2195
0.3389
0.5535
0.697
0.9365
1.159
1.309
1.508
1.672
1.905
2.05
2.273
2.406
2.568
2.666
2.771
2.848
2.866
2.829
2.791
2.7
2.596
2.465
2.36
2.196
2.086
1.924
1.783
1.714
1.594
1.572
1.337
1.297
1.16
1.004
0.8281
0.6914
0.5305
0.2876
0.1462
-0.2
-0.375
-0.806
-1.03
-1.45
-1.76
-2.2
-2.61
-2.85
-3.18
-3.38
-3.59
-3.68
-3.7
-3.63
-3.43
-3.24
-2.88
-2.51
-2.29
-1.97
-1.78
-1.53
-1.37
-1.24
-1.16
-1.09
-1.05
-1.02
-1.01
-1.01
-0.949
-0.927
-0.87
-0.829
-0.773
-0.733
-0.682
-0.657
-0.535
-0.387
-0.241
-0.009
0.1467
0.4014
0.5481
0.7922
0.9707
1.219
1.373
1.581
1.787
1.913
2.103
2.252
2.43
2.536
2.648
2.724
2.752
2.769
2.722
2.634
2.562
2.472
2.417
2.326
2.276
2.182
2.121
2.017
1.906
1.832
1.745
1.647
1.56
1.525
1.359
1.308
1.115
1.076
0.9756
0.791
0.7722
0.6589
0.5693
0.2395
0.0422
-0.236
-0.36
-0.807
-1.05
-1.39
-1.71
-2
-2.37
-2.63
-2.87
-3.02
-3.17
-3.27
-3.33
-3.35
-3.27
-3.12
-3
-2.75
-2.57
-2.29
-2.09
-1.78
-1.59
-1.33
-1.19
-0.964
-0.823
-0.73
-0.605
-0.515
-0.426
-0.357
-0.257
-0.19
-0.115
-0.097
-0.043
0.0188
0.0471
0.1348
0.1721
0.2825
0.3542
0.4692
0.5615
0.7561
0.8699
1.081
1.278
1.446
1.68
1.818
2.046
2.172
2.357
2.467
2.595
2.668
2.743
2.799
2.807
2.798
2.769
2.701
2.619
2.479
2.375
2.222
2.061
1.965
1.821
1.721
1.554
1.461
1.365
1.196
1.098
0.9761
0.825
0.6321
0.4548
0.2185
0.0671
-0.215
-0.392
-0.799
-1.14
-1.53
-1.89
-2.45
-2.93
-3.13
-3.35
-3.49
-3.63
-3.69
-3.71
-3.64
-3.39
-3.17
-2.76
-2.37
-2.15
-1.8
-1.61
-1.34
-1.18
-1
-0.903
-0.812
-0.733
-0.637
-0.551
-0.513
-0.456
-0.433
-0.387
-0.361
-0.315
-0.285
-0.269
-0.22
-0.116
0.0012
0.0957
0.2488
0.3647
0.5454
0.6548
0.8782
1.028
1.243
1.411
1.622
1.834
1.967
2.149
2.282
2.439
2.522
2.614
2.651
2.68
2.657
2.604
2.523
2.454
2.322
2.249
2.135
2.058
1.938
1.856
1.735
1.618
1.539
1.414
1.33
1.189
1.086
0.927
0.7971
0.6545
0.499
0.3125
0.0886
-0.06
-0.216
-0.332
-0.507
-0.677
-0.916
-1.09
-1.31
-1.44
-1.64
-1.8
-1.92
-2.08
-2.16
-2.24
-2.28
-2.29
-2.26
-2.23
-2.2
-2.11
-1.98
-1.91
-1.72
-1.64
-1.49
-1.39
-1.27
-1.23
-1.11
-1.06
-0.934
-0.83
-0.775
-0.665
-0.694
-0.554
-0.529
-0.436
-0.39
-0.321
-0.274
-0.198
-0.139
-0.069
0.0376
0.1086
0.2288
0.3201
0.4683
0.5854
0.7493
0.8813
1.076
1.281
1.418
1.62
1.735
1.9
2.01
2.154
2.248
2.371
2.458
2.497
2.508
2.508
2.465
2.413
2.335
2.261
2.173
2.101
1.952
1.827
1.743
1.63
1.563
1.457
1.345
1.285
1.159
1.06
0.9624
0.8105
0.6848
0.5791
0.4524
0.323
0.1169
-0.053
-0.409
-0.666
-1.07
-1.36
-1.88
-2.37
-2.65
-3
-3.23
-3.51
-3.68
-3.85
-3.89
-3.84
-3.7
-3.39
-3.02
-2.73
-2.33
-2.1
-1.72
-1.52
-1.26
-1.12
-0.934
-0.779
-0.692
-0.602
-0.56
-0.519
-0.476
-0.417
-0.381
-0.332
-0.306
-0.267
-0.243
-0.209
-0.15
-0.059
0.0393
0.1387
0.2881
0.4143
0.6189
0.7788
0.9856
1.198
1.344
1.546
1.689
1.893
2.031
2.195
2.302
2.438
2.51
2.591
2.614
2.614
2.598
2.555
2.464
2.41
2.322
2.288
2.208
2.164
2.076
1.973
1.901
1.795
1.706
1.574
1.482
1.354
1.287
1.195
1.082
0.9277
0.7471
0.6172
0.4604
0.2976
0.0491
-0.181
-0.382
-0.532
-0.766
-1.02
-1.36
-1.77
-2.05
-2.42
-2.6
-2.83
-2.96
-3.09
-3.12
-3.04
-2.92
-2.7
-2.45
-2.28
-2.03
-1.87
-1.68
-1.57
-1.41
-1.36
-1.26
-1.18
-1.12
-1.08
-1.01
-0.934
-0.875
-0.78
-0.733
-0.605
-0.613
-0.477
-0.441
-0.41
-0.338
-0.343
-0.261
-0.204
-0.128
-0.044
0.0811
0.1902
0.3606
0.5349
0.6716
0.8743
0.9932
1.183
1.301
1.456
1.579
1.73
1.829
1.975
2.112
2.188
2.307
2.365
2.444
2.457
2.461
2.439
2.388
2.335
2.275
2.177
2.098
1.981
1.902
1.775
1.719
1.625
1.555
1.475
1.38
1.293
1.249
1.168
1.054
0.9885
0.759
0.6963
0.4473
0.3215
0.0684
-0.19
-0.438
-0.712
-0.914
-1.17
-1.42
-1.86
-2.12
-2.43
-2.59
-2.81
-3.03
-3.13
-3.18
-3.14
-3.02
-2.87
-2.63
-2.41
-2.11
-1.92
-1.66
-1.46
-1.35
-1.21
-1.16
-1.1
-1.06
-0.991
-0.949
-0.903
-0.835
-0.799
-0.714
-0.694
-0.554
-0.537
-0.447
-0.41
-0.306
-0.206
-0.046
0.0981
0.2173
0.3647
0.5317
0.74
0.8918
1.137
1.299
1.533
1.678
1.874
2.068
2.163
2.33
2.433
2.535
2.589
2.613
2.603
2.538
2.494
2.411
2.323
2.261
2.147
2.079
1.961
1.888
1.782
1.707
1.595
1.507
1.458
1.337
1.287
1.163
1.1
0.9922
0.9329
0.7629
0.675
0.4619
0.2791
0.1667
-0.101
-0.201
-0.446
-0.66
-1
-1.15
-1.36
-1.52
-1.85
-2.1
-2.24
-2.33
-2.24
-2.72
-2.73
-2.66
-2.58
-2.52
-2.53
-2.51
-2.36
-2.27
-2.15
-2.11
-1.96
-1.85
-1.68
-1.57
-1.42
-1.31
-1.17
-1.07
-0.998
-0.956
-0.88
-0.829
-0.779
-0.694
-0.631
-0.543
-0.468
-0.283
-0.2
-0.073
0.0852
0.199
0.4099
0.5295
0.7961
0.9812
1.255
1.535
1.709
1.955
2.133
2.383
2.564
2.811
2.948
3.113
3.18
3.242
3.256
3.215
3.152
3.068
2.908
2.786
2.582
2.43
2.24
2.081
1.934
1.686
1.578
1.406
1.302
1.147
1.054
0.894
0.8093
0.6382
0.5688
0.4353
0.3242
0.23
-0.077
-0.155
-0.392
-0.544
-0.765
-0.926
-1.18
-1.3
-1.53
-1.81
-1.99
-2.25
-2.37
-2.55
-2.64
-2.74
-2.74
-2.67
-2.6
-2.54
-2.39
-2.27
-2.08
-1.93
-1.75
-1.64
-1.48
-1.41
-1.3
-1.21
-1.17
-1.07
-1.03
-0.963
-0.896
-0.854
-0.817
-0.757
-0.711
-0.62
-0.459
-0.422
-0.342
-0.177
-0.077
0.0417
0.1833
0.3169
0.4829
0.6462
0.9011
1.193
1.397
1.656
1.823
2.072
2.217
2.448
2.576
2.748
2.859
2.979
3.057
3.095
3.102
3.092
3.025
2.96
2.804
2.696
2.509
2.395
2.26
2.057
1.941
1.729
1.604
1.438
1.312
1.09
0.9297
0.6917
0.5874
0.3984
0.1814
0.0752
-0.034
-0.161
-0.288
-0.405
-0.617
-0.799
-1
-1.16
-1.31
-1.5
-1.59
-1.73
-1.81
-1.92
-2.01
-2.09
-2.14
-2.18
-2.21
-2.15
-1.49
-1.24
-2.54
-2.58
-1.95
-1.62
-1.62
-1.75
-1.82
-1.73
-1.64
-1.48
-1.38
-1.25
-1.13
-1.06
-1.01
-0.94
-0.88
-0.804
-0.788
-0.717
-0.605
-0.641
-0.485
-0.439
-0.319
-0.222
-0.125
-0.031
0.0977
0.2234
0.3381
0.5085
0.6362
0.8293
0.9561
1.173
1.294
1.491
1.599
1.778
1.918
2.02
2.147
2.21
2.297
2.353
2.403
2.419
2.421
2.392
2.342
2.254
2.176
2.061
1.982
1.878
1.793
1.697
1.618
1.489
1.391
1.325
1.208
1.143
1.016
0.9387
0.8025
0.7893
0.5632
0.4858
0.2617
0.1167
-0.044
-0.156
-0.277
-0.675
-0.873
-1.27
-1.56
-1.99
-2.15
-2.29
-2.45
-2.58
-2.77
-2.84
-2.86
-2.81
-2.69
-2.57
-2.34
-2.2
-1.96
-1.73
-1.58
-1.35
-1.14
-0.947
-0.847
-0.659
-0.583
-0.49
-0.45
-0.428
-0.349
-0.297
-0.261
-0.146
-0.11
-0.028
0.0591
0.137
0.2979
0.4375
0.5532
0.7532
0.9309
1.131
1.275
1.479
1.608
1.811
1.93
2.061
2.153
2.2
2.266
2.297
2.308
2.296
2.254
2.223
2.16
2.103
1.983
1.812
1.735
1.586
1.475
1.328
1.207
1.03
0.9021
0.7073
0.573
0.3386
0.0522
-0.101
-0.397
-0.55
-0.886
-1.06
-1.35
-1.55
-1.74
-1.83
-1.95
-2.05
-2.09
-2.1
-2.1
-2.04
-1.98
-1.85
-1.77
-1.63
-1.5
-1.41
-1.33
-1.27
-1.24
-1.18
-1.13
-1.12
-1.06
-1.04
-0.849
-0.911
-0.853
-0.732
-0.668
-0.531
-0.49
-0.419
-0.362
-0.259
-0.2
-0.067
0.0715
0.1665
0.3181
0.4336
0.5996
0.7322
0.9426
1.099
1.381
1.584
1.879
2.182
2.358
2.612
2.768
2.967
3.036
3.121
3.148
3.115
3.067
3.002
2.89
2.816
2.602
2.486
2.31
2.153
2.014
1.906
1.739
1.558
1.411
1.181
0.9399
0.7842
0.5837
0.3674
0.1936
-0.176
-0.317
-0.65
-1
-1.35
-1.79
-2.13
-2.39
-2.62
-2.97
-3.2
-3.42
-3.51
-3.58
-3.57
-3.52
-3.41
-3.29
-3.09
-2.92
-2.61
-2.45
-2.16
-2.01
-1.76
-1.55
-1.42
-1.27
-1.18
-1.11
-1
-0.943
-0.883
-0.823
-0.783
-0.71
-0.565
-0.573
-0.413
-0.35
-0.193
-0.034
0.1724
0.3193
0.5215
0.6587
0.8557
1.062
1.227
1.482
1.663
1.936
2.126
2.382
2.559
2.766
2.947
3.028
3.115
3.141
3.133
3.117
3.044
2.979
2.833
2.715
2.551
2.397
2.34
2.138
2.069
1.905
1.81
1.634
1.523
1.389
1.244
1.109
0.8721
0.6975
0.4868
0.2617
-0.01
-0.204
-0.544
-0.83
-1.28
-1.65
-2.16
-2.6
-3.05
-3.48
-3.85
-4
-4
-4
-4
-4
-4
-4
-3.57
-3.25
-2.78
-2.48
-2.06
-1.83
-1.49
-1.32
-1.06
-0.891
-0.801
-0.688
-0.625
-0.569
-0.521
-0.482
-0.365
-0.274
-0.164
0.0391
0.2598
0.4187
0.6064
0.7871
1.01
1.167
1.429
1.618
1.915
2.124
2.427
2.717
2.861
3.041
3.172
3.239
3.284
3.276
3.26
3.173
3.105
2.984
2.829
2.734
2.577
2.43
2.335
2.21
2.063
1.98
1.823
1.694
1.568
1.41
1.362
1.248
1.16
0.9604
0.8337
0.6455
0.5073
0.3052
0.1238
-0.143
-0.557
-0.733
-1.19
-1.54
-2.13
-2.62
-3.23
-3.62
-4
-4
-4
-4
-4
-4
-4
-4
-3.76
-3.29
-2.99
-2.58
-2.31
-1.95
-1.63
-1.42
-1.18
-1.09
-0.936
-0.86
-0.728
-0.675
-0.585
-0.487
-0.423
-0.296
-0.225
-0.054
0.0159
0.1641
0.2654
0.4307
0.5786
0.7874
1.015
1.16
1.4
1.576
1.834
2.009
2.313
2.518
2.78
2.948
3.131
3.264
3.295
3.331
3.32
3.262
3.197
3.059
2.965
2.805
2.683
2.512
2.311
2.153
1.954
1.802
1.566
1.426
1.206
1.073
0.9421
0.6953
0.6189
0.4011
0.2773
0.1267
-0.116
-0.425
-0.622
-1.06
-1.29
-1.79
-2.2
-2.73
-3.3
-3.6
-4
-4
-4
-4
-4
-4
-4
-4
-3.64
-3.11
-2.79
-2.29
-1.95
-1.51
-1.3
-1
-0.877
-0.696
-0.593
-0.47
-0.359
-0.324
-0.266
-0.24
-0.226
-0.173
-0.108
-0.067
0.043
0.1133
0.27
0.5186
0.6694
0.9634
1.183
1.518
1.748
2.133
2.302
2.636
2.834
3.12
3.391
3.509
3.628
3.675
3.66
3.618
3.484
3.382
3.194
3.054
2.824
2.602
2.463
2.297
2.2
2.03
1.906
1.775
1.667
1.457
1.349
1.141
0.9158
0.8269
0.6199
0.4238
0.1934
-0.058
-0.404
-0.665
-1.11
-1.59
-2.3
-3.08
-3.51
-4
-4
-4
-4
-4
-4
-4
-4
-4
-3.46
-3.06
-2.54
-2.23
-1.87
-1.66
-1.38
-1.23
-1.03
-0.878
-0.826
-0.721
-0.688
-0.579
-0.531
-0.366
-0.398
-0.245
-0.174
-0.058
0.1162
0.1973
0.3857
0.4885
0.6714
0.8176
1.063
1.263
1.568
1.773
2.032
2.263
2.419
2.636
2.779
2.942
3.03
3.112
3.139
3.16
3.151
3.107
3.052
3.008
2.911
2.818
2.665
2.535
2.338
2.178
1.998
1.851
1.664
1.526
1.419
1.207
1.008
0.8728
0.7395
0.6077
0.4246
0.3374
0.1443
-0.046
-0.364
-0.579
-0.98
-1.36
-1.85
-2.23
-2.81
-3.2
-3.64
-3.92
-4
-4
-4
-4
-4
-4
-3.83
-3.55
-3.34
-3.04
-2.8
-2.5
-2.19
-2.02
-1.8
-1.67
-1.53
-1.44
-1.28
-1.2
-1.07
-0.995
-0.881
-0.753
-0.687
-0.572
-0.454
-0.43
-0.305
-0.219
-0.133
0.0117
0.1064
0.3147
0.5249
0.6794
0.9382
1.123
1.445
1.664
1.96
2.152
2.461
2.711
2.92
3.124
3.253
3.426
3.508
3.573
3.604
3.595
3.579
3.47
3.304
3.162
2.925
2.759
2.503
2.357
2.133
1.983
1.796
1.678
1.488
1.344
1.219
1.021
0.7363
0.6702
0.4915
0.2322
0.0566
-0.264
-0.559
-0.964
-1.41
-1.84
-2.61
-3.06
-3.65
-4
-4
-4
-4
-4
-4
-4
-4
-3.97
-3.76
-3.22
-2.92
-2.45
-2.24
-2
-1.86
-1.7
-1.54
-1.41
-1.23
-1.12
-0.963
-0.854
-0.718
-0.644
-0.567
-0.498
-0.411
-0.313
-0.233
-0.125
-0.042
0.0994
0.1941
0.3857
0.4915
0.6753
0.8899
1.053
1.307
1.533
1.835
2.064
2.409
2.602
2.884
3.064
3.275
3.417
3.496
3.617
3.654
3.689
3.688
3.658
3.594
3.421
3.272
3.083
2.839
2.665
2.413
2.271
2.06
1.958
1.629
1.553
1.309
1.164
0.8755
0.5999
0.4331
0.0134
-0.277
-0.803
-1.17
-1.88
-2.37
-3.01
-3.34
-3.66
-3.99
-4
-4
-4
-4
-4
-4
-3.83
-3.44
-3.26
-2.93
-2.61
-2.33
-1.93
-1.71
-1.4
-1.24
-0.997
-0.879
-0.744
-0.619
-0.486
-0.412
-0.322
-0.302
-0.237
-0.157
-0.098
-0.033
0.0476
0.1064
0.1699
0.3093
0.499
0.6592
0.9197
1.083
1.368
1.552
1.842
2.066
2.354
2.53
2.697
2.938
3.029
3.149
3.223
3.26
3.272
3.242
3.198
3.118
2.989
2.867
2.691
2.562
2.326
2.198
1.998
1.89
1.634
1.513
1.278
1.112
0.9663
0.6479
0.4666
0.0435
-0.345
-0.964
-1.51
-2.54
-3.19
-4
-4
-4
-4
-4
-4
-4
-4
-4
-4
-3.95
-3.22
-2.69
-2.5
-2.22
-1.94
-1.52
-1.29
-0.966
-0.812
-0.596
-0.466
-0.355
-0.222
-0.114
-0.086
-0.018
0.1528
0.2146
0.4084
0.5352
0.6758
0.8203
1.031
1.255
1.477
1.777
1.996
2.297
2.499
2.784
2.928
3.097
3.209
3.28
3.365
3.421
3.392
3.374
3.367
3.307
3.18
3.09
2.938
2.818
2.63
2.46
2.337
2.151
2.051
1.897
1.808
1.656
1.541
1.355
1.006
0.7581
0.2949
0.1252
-0.207
-0.516
-0.869
-1.23
-1.63
-1.95
-2.41
-3.01
-3.26
-3.68
-3.84
-4
-4
-4
-3.99
-3.8
-3.68
-3.4
-3.14
-2.87
-2.4
-2.24
-2.07
-1.91
-1.68
-1.52
-1.29
-1.17
-1.04
-0.915
-0.846
-0.776
-0.725
-0.661
-0.611
-0.432
-0.33
-0.166
-0.103
0.0393
0.2068
0.332
0.5962
0.7585
1.033
1.217
1.476
1.665
1.972
2.167
2.442
2.705
2.849
3.059
3.179
3.317
3.382
3.448
3.468
3.456
3.428
3.334
3.184
3.08
2.92
2.753
2.569
2.438
2.254
2.141
1.968
1.853
1.703
1.417
1.351
1.13
0.968
0.6265
0.4116
-0.152
-0.438
-1.19
-1.6
-2.38
-3.11
-3.56
-4
-4
-4
-4
-4
-4
-4
-4
-4
-4
-3.79
-3.23
-2.87
-2.56
-2.37
-2.03
-1.8
-1.52
-1.36
-1.21
-1.07
-0.975
-0.942
-0.899
-0.788
-0.786
-0.655
-0.577
-0.407
-0.303
-0.184
-0.011
0.1082
0.3379
0.498
0.7451
0.9299
1.192
1.406
1.733
1.983
2.302
2.606
2.784
2.984
3.118
3.299
3.415
3.507
3.538
3.639
3.63
3.588
3.547
3.504
3.368
3.259
3.084
2.943
2.769
2.632
2.456
2.324
2.095
1.926
1.801
1.462
1.354
1.155
0.9731
0.7002
0.4675
-0.169
-0.399
-0.827
-1.42
-2.02
-2.7
-3.02
-3.41
-3.6
-3.91
-4
-4
-4
-4
-4
-4
-3.83
-3.64
-3.3
-3.07
-2.77
-2.56
-2.33
-2.15
-2.03
-1.86
-1.78
-1.63
-1.5
-1.34
-1.23
-1.08
-0.942
-0.774
-0.591
-0.51
-0.301
-0.229
-0.11
-0.026
0.0876
0.1968
0.3691
0.5054
0.74
1.009
1.216
1.534
1.822
2.142
2.375
2.532
2.605
3.119
3.291
3.434
3.535
3.594
3.627
3.6
3.488
3.422
3.293
3.149
2.959
2.785
2.688
2.471
2.323
2.018
1.782
1.487
1.331
1.182
1.003
0.8269
0.6206
0.4756
0.1621
-0.077
-0.198
-0.518
-0.905
-1.35
-1.99
-2.54
-3.25
-3.71
-4
-4
-4
-4
-4
-4
-4
-4
-4
-3.61
-3.04
-2.72
-2.29
-2.07
-1.85
-1.82
-1.69
-1.64
-1.64
-1.45
-1.4
-1.27
-1.13
-0.75
-0.637
-0.299
-0.114
-0.033
0.0378
0.1125
0.0925
0.0776
0.0847
0.1243
0.2266
0.3108
0.5166
0.6646
0.927
1.09
1.331
1.473
1.715
1.904
2.065
2.206
2.336
2.546
2.609
2.704
2.769
2.799
2.805
2.812
2.778
2.721
2.628
2.544
2.422
2.343
2.306
2.177
1.979
1.842
1.614
1.416
1.369
1.133
0.8589
0.3494
0.1936
-0.248
-0.492
-0.804
-1.11
-1.46
-1.89
-2.19
-2.77
-3.2
-3.77
-4
-4
-4
-4
-4
-4
-3.83
-3.53
-3.09
-2.84
-2.39
-2.04
-1.96
-1.84
-1.68
-1.61
-1.51
-1.48
-1.46
-1.41
-1.38
-1.33
-1.29
-1.23
-1.23
-1.16
-1.15
-1.06
-1.02
-0.951
-0.834
-0.798
-0.667
-0.593
-0.419
-0.276
-0.055
0.1277
0.3708
0.6155
0.771
1.016
1.179
1.426
1.6
1.861
2.022
2.335
2.501
2.739
2.978
3.143
3.315
3.384
3.476
3.501
3.486
3.439
3.302
3.168
2.951
2.695
2.529
2.301
2.152
1.944
1.793
1.591
1.474
1.176
1.022
0.804
0.4919
0.2275
-0.114
-0.577
-0.852
-1.16
-1.49
-1.86
-2.63
-3.11
-3.68
-4
-4
-4
-4
-4
-4
-4
-4
-4
-4
-4
-3.67
-3.41
-3.04
-2.81
-2.55
-2.4
-2.18
-2.02
-1.84
-1.61
-1.54
-1.37
-1.3
-1.19
-1.1
-1.02
-0.92
-0.783
-0.737
-0.605
-0.471
-0.387
-0.25
-0.105
0.155
0.2788
0.4846
0.6284
0.9087
1.134
1.453
1.96
2.358
2.716
2.839
2.95
3.202
3.498
3.576
3.565
3.524
3.495
3.383
3.385
3.314
3.262
3.088
2.962
2.704
2.53
2.295
2.137
1.958
1.763
1.643
1.423
1.336
1.187
1.008
0.7788
0.5244
0.1902
0.0015
-0.408
-0.742
-1.03
-1.61
-2.01
-2.61
-2.98
-3.54
-3.91
-4
-4
-4
-4
-4
-4
-4
-4
-4
-3.99
-3.77
-3.39
-3.16
-2.86
-2.59
-2.34
-1.61
-1.58
-1.82
-1.66
-1.3
-1.22
-1.29
-1.38
-1.36
-1.25
-1.2
-1.15
-1.11
-1.01
-0.916
-0.775
-0.645
-0.424
-0.272
-0.041
0.228
0.4067
0.678
0.8794
1.183
1.397
1.732
1.881
2.337
2.558
2.941
3.271
3.491
3.828
3.983
4
4
4
4
4
4
3.969
3.686
3.46
3.063
2.824
2.519
2.281
2.016
1.824
1.514
1.235
1.067
0.7969
0.5984
0.3289
0.158
0.0203
-0.196
-0.336
-0.402
-0.681
-0.818
-1.06
-1.4
-1.73
-2.22
-2.58
-3.14
-3.52
-4
-4
-4
-4
-4
-4
-4
-4
-4
-4
-3.68
-3.26
-2.96
-2.6
-2.27
-2.06
-1.81
-1.68
-1.45
-1.35
-1.31
-1.38
-1.46
-1.43
-1.44
-1.33
-1.27
-1.18
-1.12
-0.999
-0.933
-0.822
-0.72
-0.504
-0.191
0.0574
0.4849
0.7944
1.237
1.532
1.98
2.178
2.568
2.811
3.146
3.503
3.747
4
4
4
4
4
4
4
3.839
3.573
3.296
3.101
2.783
2.593
2.313
2.162
1.905
1.737
1.471
1.33
1.048
0.8054
0.6558
0.3728
0.2021
-0.097
-0.269
-0.575
-0.781
-1.16
-1.4
-1.79
-2.1
-2.28
-2.55
-2.72
-2.96
-3.1
-3.3
-3.36
-3.46
-3.56
-3.63
-3.63
-3.58
-3.46
-3.37
-3.22
-3.06
-2.86
-2.72
-2.51
-2.4
-2.25
-2.11
-2.04
-1.93
-1.9
-1.82
-1.76
-1.61
-1.49
-1.33
-1.24
-1.12
-0.985
-0.86
-0.684
-0.517
-0.246
-0.031
0.3293
0.5803
0.967
1.409
1.677
2.079
2.356
2.74
2.954
2.862
3.047
3.505
3.668
3.954
4
4
4
4
3.654
3.387
3.108
2.97
2.799
2.683
2.512
2.291
2.135
1.87
1.709
1.479
1.332
1.19
1.034
0.7864
0.6963
0.4404
0.2983
0.0427
-0.295
-0.66
-1.22
-1.68
-2.21
-2.51
-2.96
-3.34
-3.59
-3.96
-4
-4
-4
-4
-4
-4
-4
-4
-3.74
-3.59
-3.39
-3.23
-3.01
-2.89
-2.74
-2.65
-2.55
-2.52
-2.44
-2.44
-2.43
-2.41
-2.38
-2.31
-2.19
-1.97
-1.89
-1.68
-1.54
-1.35
-1.12
-0.99
-0.738
-0.57
-0.288
-0.139
0.1453
0.4238
0.7629
0.9973
1.389
1.802
2.116
2.608
2.926
3.5
3.775
4
4
4
4
4
4
4
4
4
4
3.9
3.657
3.484
3.257
3.131
2.89
2.673
2.551
2.279
2.096
1.814
1.63
1.299
1.144
0.8088
0.5139
0.2888
-0.045
-0.289
-0.703
-0.931
-1.36
-1.69
-2.29
-2.64
-3.39
-3.88
-4
-4
-4
-4
-4
-4
-4
-4
-4
-4
-4
-3.82
-3.56
-3.38
-3.08
-2.89
-2.59
-2.4
-2.24
-2.2
-2.25
-2.19
-2.11
-2.06
-2.03
-2.03
-1.97
-1.83
-1.77
-1.52
-1.31
-1.14
-1.02
-0.841
-0.583
-0.367
0.0144
0.3091
0.7781
1.126
1.643
2.182
2.601
3.048
3.403
3.76
4
4
4
4
4
4
4
4
4
4
3.764
3.544
3.136
2.905
2.584
2.448
2.239
2.004
1.776
1.42
1.286
0.9714
0.8147
0.4683
0.301
-0.023
-0.247
-0.51
-0.728
-0.844
-1.03
-1.2
-1.68
-1.9
-2.45
-2.85
-3.48
-4
-4
-4
-4
-4
-4
-4
-4
-4
-4
-3.87
-3.58
-3.4
-3.13
-2.96
-2.77
-2.65
-2.52
-2.47
-2.41
-2.37
-2.29
-2.21
-2.14
-2.06
-1.95
-1.83
-1.72
-1.54
-1.38
-1.16
-1.01
-0.742
-0.499
-0.234
0.1624
0.4438
0.9211
1.228
1.728
2.088
2.604
2.923
3.383
3.877
4
4
4
4
4
4
4
4
4
4
3.813
3.641
3.361
3.162
2.84
2.618
2.302
2.114
1.877
1.568
1.354
1.035
0.8213
0.541
0.3892
0.1523
0.0195
-0.201
-0.353
-0.658
-1.05
-1.35
-1.8
-2.14
-2.59
-2.96
-3.56
-3.94
-4
-4
-4
-4
-4
-4
-4
-4
-3.84
-3.58
-3.37
-3.13
-2.94
-2.73
-2.52
-2.38
-2.19
-2.1
-1.95
-1.89
-1.78
-1.71
-1.59
-1.53
-1.41
-1.28
-1.21
-1.05
-0.971
-0.768
-0.654
-0.557
-0.458
-0.262
-0.018
0.2253
0.6597
0.9705
1.449
1.802
2.427
2.873
3.494
3.866
4
4
4
4
4
4
4
4
4
4
4
3.871
3.467
3.149
2.643
2.258
1.748
1.426
1.035
0.8103
0.4773
0.2991
0.0923
-0.094
-0.25
-0.623
-0.885
-1.52
-1.95
-2.8
-2.85
-3.07
-3.29
-3.6
-3.88
-4
-4
-4
-4
-4
-4
-4
-4
-4
-4
-4
-4
-4
-4
-3.73
-3.51
-3.2
-3.06
-2.84
-2.7
-2.51
-2.32
-2.16
-1.96
-1.82
-1.59
-1.44
-1.28
-1.16
-0.981
-0.844
-0.625
-0.409
-0.288
-0.109
-0.006
0.2544
0.4055
0.6699
0.8152
1.141
1.323
1.594
1.836
2
2.35
2.599
3.115
3.469
3.974
4
4
4
4
4
4
4
4
3.912
3.706
3.416
3.214
2.833
2.463
2.246
1.966
1.807
1.589
1.443
1.141
0.957
0.625
0.3662
0.1548
-0.177
-0.264
-0.449
-0.609
-0.899
-1.14
-1.61
-2
-2.77
-3.32
-4
-4
-4
-4
-4
-4
-4
-4
-4
-4
-4
-4
-3.52
-3.17
-2.73
-2.46
-2.12
-1.97
-1.72
-1.61
-1.48
-1.38
-1.28
-1.2
-1.15
-1.03
-0.942
-0.759
-0.656
-0.483
-0.329
-0.151
-0.004
0.1978
0.4226
0.6018
0.8806
1.093
1.527
1.857
2.404
2.709
3.171
3.477
3.982
4
4
4
4
4
4
4
4
4
4
3.645
3.191
2.936
2.559
2.358
2.04
1.819
1.563
1.37
1.122
0.9485
0.6997
0.4827
0.3523
0.0393
-0.194
-0.597
-1.03
-1.71
-2.25
-3.12
-3.71
-4
-4
-4
-4
-4
-4
-4
-4
-4
-4
-4
-4
-4
-3.77
-3.28
-3
-2.58
-2.39
-2.11
-1.94
-1.74
-1.55
-1.35
-1.24
-1.14
-0.959
-0.863
-0.713
-0.582
-0.4
-0.293
0.0137
0.3201
0.5588
0.877
1.112
1.436
1.678
2.073
2.367
2.828
3.101
3.563
3.973
4
4
4
4
4
4
3.978
3.649
3.441
3.122
2.899
2.675
2.454
2.278
1.955
1.848
1.598
1.435
1.213
1.058
0.8904
0.5986
0.365
0.0161
-0.353
-0.868
-1.35
-2.17
-2.75
-3.69
-4
-4
-4
-4
-4
-4
-4
-4
-4
-4
-4
-4
-3.73
-3.15
-2.86
-2.6
-2.47
-2.39
-2.3
-2.19
-2.1
-1.98
-1.87
-1.69
-1.46
-1.3
-1.02
-0.806
-0.538
-0.354
-0.074
0.0952
0.4089
0.5857
0.8755
1.192
1.355
1.693
1.9
2.239
2.472
2.832
3.059
3.459
3.709
4
4
4
4
4
4
3.893
3.582
3.41
3.163
2.969
2.768
2.587
2.462
2.115
2.003
1.705
1.555
1.288
1.256
1.256
0.9626
0.9519
0.6392
0.5889
0.313
0.0872
-0.285
-0.564
-1.05
-1.41
-2.07
-2.51
-3.3
-4
-4
-4
-4
-4
-4
-4
-4
-4
-4
-4
-4
-4
-4
-4
-3.79
-3.47
-3.07
-2.76
-2.37
-1.94
-1.71
-1.44
-1.22
-0.825
-0.682
-0.416
-0.299
-0.151
0.0171
0.2419
0.4309
0.6184
0.8889
1.016
1.226
1.37
1.605
1.761
2.065
2.227
2.535
2.856
3.052
3.39
3.618
3.973
4
4
4
4
4
4
4
4
3.743
3.586
3.314
3.136
2.791
2.645
2.302
2.13
1.881
1.667
1.552
1.355
1.161
1.014
0.887
0.6716
0.511
0.168
0.1025
-0.295
-0.776
-1.16
-1.92
-2.5
-3.49
-4
-4
-4
-4
-4
-4
-4
-4
-4
-4
-4
-4
-4
-4
-4
-3.59
-3.25
-2.86
-2.64
-2.39
-2.23
-1.96
-1.79
-1.47
-1.28
-1.02
-0.775
-0.64
-0.449
-0.287
-0.156
-0.015
0.1738
0.3057
0.5461
0.7012
0.9421
1.205
1.383
1.716
1.94
2.268
2.512
2.85
3.138
3.514
3.763
4
4
4
4
4
4
4
4
4
4
3.816
3.42
3.057
2.83
2.494
2.293
2.004
1.776
1.491
1.291
1.026
0.802
0.6228
0.2329
-0.039
-0.586
-1.12
-1.99
-2.71
-3.97
-4
-4
-4
-4
-4
-4
-4
-4
-4
-4
-4
-4
-4
-3.94
-3.41
-2.98
-2.74
-2.43
-2.28
-2.05
-1.92
-1.68
-1.52
-1.26
-1.14
-0.91
-0.73
-0.647
-0.431
-0.367
-0.186
-0.07
0.1226
0.2676
0.5269
0.6743
0.9431
1.167
1.321
1.607
1.809
2.169
2.442
2.829
3.081
3.414
3.589
3.817
3.973
4
4
4
4
3.927
3.781
3.674
3.479
3.349
3.112
2.859
2.648
2.374
2.172
1.948
1.823
1.535
1.405
1.196
0.9001
0.8901
0.6396
0.5559
0.4524
0.2917
0.144
-0.094
-0.494
-0.848
-1.5
-2.35
-3.07
-4
-4
-4
-4
-4
-4
-4
-4
-4
-4
-4
-4
-3.77
-3.34
-3.09
-2.69
-2.5
-2.19
-1.96
-1.64
-1.31
-1.12
-0.856
-0.696
-0.51
-0.308
-0.099
0.0625
0.2908
0.4739
0.6228
0.8647
1.045
1.16
1.304
1.53
1.669
1.905
2.082
2.376
2.551
2.859
3.128
3.28
3.531
3.668
3.84
3.991
4
4
4
4
4
3.178
2.841
2.669
2.365
2.131
1.944
1.721
1.586
1.424
1.402
1.26
1.156
1.085
0.8699
0.6816
0.4329
0.1067
0.072
-0.221
-0.451
-0.7
-1.08
-1.57
-2.01
-2.68
-3.18
-4
-4
-4
-4
-4
-4
-4
-4
-4
-4
-4
-3.73
-3.48
-3.05
-2.65
-1.98
-1.56
-1.33
-1.17
-1.13
-1.07
-1.04
-1.01
-0.95
-0.819
-0.715
-0.504
-0.344
-0.219
-0.037
0.0505
0.3118
0.3848
0.5259
0.624
0.769
0.8521
1.037
1.258
1.424
1.699
1.873
2.158
2.338
2.608
2.785
3.057
3.304
3.35
3.484
3.542
3.561
3.536
3.449
3.317
3.16
3.117
3.126
2.648
2.378
2.648
2.841
2.186
2.166
1.753
1.468
1.086
0.9807
0.3169
0.0405
-0.245
-0.76
-0.895
-1.5
-1.73
-2.19
-2.48
-2.9
-3.13
-3.5
-3.84
-4
-4
-4
-4
-4
-3.91
-3.75
-3.43
-3.23
-2.91
-2.63
-2.47
-2.26
-2.15
-1.99
-1.91
-1.82
-1.76
-1.68
-1.6
-1.52
-1.42
-1.34
-1.18
-1.04
-0.871
-0.772
-0.622
-0.528
-0.362
-0.199
-0.073
0.1313
0.2766
0.5032
0.6819
0.9666
1.152
1.45
1.659
2.001
2.676
2.839
2.666
2.734
3.164
3.389
3.494
3.495
3.391
3.228
3.202
3.214
3.153
3.008
2.93
2.772
2.644
2.448
2.319
2.148
2.014
1.793
1.544
1.404
1.148
0.9219
0.6436
0.4871
0.1208
-0.1
-0.467
-0.799
-1.27
-1.86
-2.16
-2.85
-3.38
-4
-4
-4
-4
-4
-4
-4
-4
-4
-4
-3.97
-3.61
-3.37
-3.13
-3
-2.78
-2.64
-2.41
-2.21
-2.1
-1.93
-1.85
-1.68
-1.59
-1.42
-1.24
-1.16
-0.999
-0.77
-0.645
-0.523
-0.357
-0.237
-0.039
0.0632
0.262
0.3774
0.7446
0.8962
1.209
1.413
1.613
1.913
2.099
2.437
2.669
2.875
2.962
3.13
3.393
3.538
3.653
3.689
3.71
3.701
3.67
3.638
3.563
3.477
3.34
3.173
3.032
2.804
2.664
2.417
2.241
2.017
1.876
1.656
1.516
1.258
0.9023
0.6045
0.0742
-0.343
-0.986
-1.43
-2.12
-2.61
-3.27
-3.69
-4
-4
-4
-4
-4
-4
-4
-4
-4
-3.98
-3.72
-3.34
-3.02
-2.82
-2.51
-2.35
-2.11
-1.94
-1.75
-1.64
-1.47
-1.36
-1.19
-1.05
-0.956
-0.833
-0.729
-0.608
-0.488
-0.336
-0.214
-0.068
0.0305
0.1963
0.3547
0.4619
0.6538
0.7817
1.004
1.185
1.459
1.659
1.945
2.113
2.39
2.591
2.904
3.126
3.171
3.307
3.279
3.313
3.322
3.368
3.299
3.198
3.052
2.926
2.782
2.686
2.516
2.39
2.236
2.134
1.975
1.872
1.712
1.487
1.379
1.107
0.8735
0.5273
0.2556
-0.212
-0.521
-1.04
-1.56
-1.92
-2.57
-3.07
-3.71
-4
-4
-4
-4
-4
-4
-4
-4
-4
-4
-3.59
-3.36
-3.09
-2.94
-2.67
-2.53
-2.38
-2.26
-2.2
-2.08
-2
-1.83
-1.8
-1.66
-1.62
-1.51
-1.43
-1.38
-1.27
-1.21
-1.05
-0.942
-0.786
-0.661
-0.455
-0.331
-0.047
0.1299
0.4182
0.7034
0.9062
1.263
1.517
1.906
2.161
2.533
2.796
3.114
3.327
3.618
3.833
3.961
4
4
4
4
3.988
3.923
3.861
3.541
3.208
2.925
2.714
2.576
2.437
2.29
2.173
2.012
1.888
1.675
1.498
1.223
0.9321
0.6599
0.2334
-0.14
-0.601
-0.994
-1.49
-1.87
-2.42
-2.95
-3.34
-3.84
-4
-4
-4
-4
-4
-4
-4
-4
-4
-4
-3.67
-3.42
-3.15
-2.97
-2.7
-2.57
-2.47
-2.35
-2.26
-2.14
-2.07
-1.94
-1.84
-1.71
-1.65
-1.57
-1.47
-1.42
-1.3
-1.24
-1.11
-0.989
-0.872
-0.713
-0.486
-0.369
-0.107
0.0625
0.3372
0.5142
0.8342
1.217
1.491
1.987
2.325
2.823
3.167
3.611
3.878
4
4
4
4
4
4
4
4
4
4
3.953
3.543
3.187
3
2.71
2.5
2.203
2.01
1.708
1.497
1.212
0.9146
0.6367
0.1782
0.0027
-0.502
-0.77
-1.16
-1.47
-1.76
-2.06
-2.62
-3
-3.53
-4
-4
-4
-4
-4
-4
-4
-4
-4
-4
-3.91
-3.66
-3.65
-3.49
-3.26
-3.1
-2.89
-2.65
-2.54
-2.33
-2.21
-2.06
-1.99
-1.9
-1.81
-1.68
-1.58
-1.45
-1.33
-1.24
-1.06
-0.93
-0.714
-0.496
-0.349
-0.076
0.1531
0.5483
0.8738
1.098
1.35
1.725
1.968
2.384
2.78
3.014
3.329
3.546
3.842
3.998
4
4
4
4
4
4
4
3.835
3.673
3.313
3.11
2.86
2.692
2.513
2.39
2.211
2.007
1.846
1.663
1.512
1.26
1.074
0.7107
0.3943
-0.143
-0.513
-1.12
-1.93
-2.41
-3.14
-3.58
-4
-4
-4
-4
-4
-4
-4
-4
-4
-4
-4
-4
-4
-4
-3.68
-3.26
-2.98
-2.85
-2.68
-2.56
-2.39
-2.34
-2.22
-2.15
-2.07
-2.02
-1.95
-1.84
-1.75
-1.6
-1.45
-1.19
-1.02
-0.707
-0.501
-0.16
0.0774
0.4524
0.8774
1.163
1.662
2.002
2.555
2.917
3.465
3.819
4
4
4
4
4
4
4
4
4
4
4
4
4
3.751
3.359
3.105
2.828
2.588
2.284
2.072
1.81
1.629
1.292
1.066
0.6475
0.3452
-0.005
-0.538
-0.798
-1.45
-1.87
-2.66
-3.14
-3.97
-4
-4
-4
-4
-4
-4
-4
-4
-4
-4
-4
-4
-4
-4
-3.94
-3.69
-3.55
-3.38
-3.25
-3.08
-2.96
-2.76
-2.58
-2.45
-2.19
-2.2
-1.88
-1.74
-1.48
-1.24
-0.959
-0.729
-0.36
0.0278
0.2832
0.676
0.9668
1.359
1.668
2.128
2.406
2.977
3.454
3.81
4
4
4
4
4
4
4
4
4
4
4
4
4
4
4
3.62
3.26
2.719
2.35
1.69
1.097
0.7209
0.0938
-0.326
-0.918
-1.5
-2.19
-2.79
-3.63
-4
-4
-4
-4
-4
-4
-4
-4
-4
-4
-4
-4
-4
-4
-4
-4
-4
-4
-4
-3.78
-3.58
-3.4
-3.25
-3
-2.59
-2.46
-2.03
-1.7
-1.2
-0.787
-0.124
0.3215
1.021
1.468
2.119
2.75
3.149
3.857
4
4
4
4
4
4
4
4
4
4
4
4
4
4
4
3.941
3.558
3.199
2.944
2.534
2.202
1.636
1.248
0.6501
0.2507
-0.338
-0.82
-1.37
-2.17
-2.75
-3.81
-4
-4
-4
-4
-4
-4
-4
-4
-4
-4
-4
-4
-4
-4
-4
-4
-3.96
-3.69
-3.33
-3
-2.81
-2.55
-2.4
-2.09
-1.96
-1.71
-1.53
-1.15
-0.906
-0.469
-0.061
0.2212
0.6626
1.209
1.776
2.264
3.018
3.427
4
4
4
4
4
4
4
4
4
4
4
4
4
4
4
4
4
3.643
3.091
2.695
2.099
1.62
0.7888
-0.002
-0.573
-1.52
-2.17
-3.32
-4
-4
-4
-4
-4
-4
-4
-4
-4
-4
-4
-4
-4
-4
-4
-4
-2.49
-1.97
-2.22
-2.19
-2
-2.29
-2.69
-2.92
-2.96
-2.81
-2.66
-2.24
-1.87
-1.63
-1.22
-1.02
-0.574
-0.23
0.3618
0.875
1.694
2.188
2.929
3.662
4
4
4
4
4
4
4
4
4
4
4
4
4
4
3.92
3.59
3.051
2.69
2.115
1.682
0.9709
0.1428
-0.4
-1.25
-1.63
-2.56
-3.07
-3.91
-4
-4
-4
-4
-4
-4
-4
-4
-4
-4
-4
-4
-4
-4
-3.99
-3.63
-3.31
-2.92
-2.61
-2.22
-1.84
-1.24
-0.859
-0.227
0.1902
0.8379
1.535
2.005
2.713
3.193
3.928
4
4
4
4
4
4
4
4
4
4
4
4
4
4
3.704
3.055
2.628
1.945
1.382
0.4204
-0.298
-1.4
-2.22
-3.43
-4
-4
-4
-4
-4
-4
-4
-4
-4
-4
-4
-4
-4
-4
-4
-4
-4
-4
-4
-4
-4
-3.64
-3.38
-2.88
-2.51
-2.19
-1.67
-1.26
-0.557
-0.046
0.9248
1.618
2.592
3.157
3.822
4
4
4
4
4
4
4
4
4
4
4
4
4
4
4
3.776
2.977
1.847
1.05
-0.138
-0.862
-1.9
-2.88
-3.46
-4
-4
-4
-4
-4
-4
-4
-4
-4
-4
-4
-4
-4
-4
-4
-4
-4
-4
-4
-4
-3.86
-3.59
-3.1
-2.88
-2.45
-2.13
-1.58
-1.12
-0.373
0.2046
1.147
2.114
2.77
3.76
4
4
4
4
4
4
4
4
4
4
4
4
4
4
4
4
3.541
2.441
1.692
0.5073
-0.292
-1.71
-2.78
-4
-4
-4
-4
-4
-4
-4
-4
-4
-4
-4
-4
-4
-4
-4
-4
-4
-4
-4
-4
-4
-4
-4
-4
-3.55
-3.15
-2.5
-1.89
-1.48
-0.74
-0.176
0.7056
1.277
2.171
2.74
3.614
4
4
4
4
4
4
4
4
4
4
4
4
4
4
4
4
4
4
3.718
2.946
2.322
1.393
0.8142
-0.127
-1.02
-1.74
-2.88
-3.76
-4
-4
-4
-4
-4
-4
-4
-4
-4
-4
-4
-4
-4
-4
-4
-4
-3.9
-3.63
-3.21
-2.98
-2.62
-2.38
-1.97
-1.69
-1.22
-0.869
-0.241
0.45
1.137
2.104
2.829
3.78
4
4
4
4
4
4
4
4
4
4
4
4
4
4
4
4
3.434
2.198
1.275
-0.089
-1.11
-2.8
-3.98
-4
-4
-4
-4
-4
-4
-4
-4
-4
-4
-4
-4
-4
-4
-4
-4
-4
-4
-4
-4
-4
-3.78
-3.31
-2.94
-2.39
-1.73
-1.26
-0.361
0.2935
1.389
2.181
3.317
3.981
4
4
4
4
4
4
4
4
4
4
4
4
4
4
4
4
3.565
2.851
1.786
1.014
-0.216
-1.04
-2.3
-2.95
-3.91
-4
-4
-4
-4
-4
-4
-4
-4
-4
-4
-4
-4
-4
-4
-4
-4
-4
-4
-4
-4
-3.77
-3.4
-3.09
-2.85
-2.45
-2.07
-1.54
-0.997
-0.334
0.0723
0.8364
1.368
2.149
2.756
3.227
3.8
4
4
4
4
4
4
4
4
4
4
4
4
4
4
4
4
3.329
2.417
1.777
0.7451
0.1929
-1.19
-2.05
-3.42
-4
-4
-4
-4
-4
-4
-4
-4
-4
-4
-4
-4
-4
-4
-4
-4
-4
-4
-4
-4
-3.93
-3.6
-3.38
-3.18
-2.86
-2.32
-1.76
-1.28
-0.462
0.165
1.144
1.865
2.862
3.465
4
4
4
4
4
4
4
4
4
4
4
4
4
4
4
4
3.785
3.007
1.974
1.211
-0.1
-0.994
-2.45
-3.44
-4
-4
-4
-4
-4
-4
-4
-4
-4
-4
-4
-4
-4
-4
-4
-4
-4
-4
-4
-4
-3.94
-3.71
-3.36
-3
-2.73
-2.3
-1.98
-1.47
-1.1
-0.569
-0.156
0.5168
0.9409
1.817
2.636
3.196
3.998
4
4
4
4
4
4
4
4
4
4
4
4
4
4
4
4
4
3.297
2.727
1.769
1.178
0.2202
-0.463
-1.43
-2.15
-3.17
-4
-4
-4
-4
-4
-4
-4
-4
-4
-4
-4
-4
-4
-4
-4
-4
-4
-4
-4
-4
-4
-4
-3.84
-3.39
-2.87
-2.57
-2.11
-1.79
-1.33
-0.993
-0.343
0.0586
0.8086
1.352
2.155
3.029
3.543
4
4
4
4
4
4
4
4
4
4
4
4
4
4
4
4
4
3.677
2.977
2.057
1.055
0.3416
-0.626
-1.4
-2.49
-3.3
-4
-4
-4
-4
-4
-4
-4
-4
-4
-4
-4
-4
-4
-4
-4
-4
-4
-4
-4
-4
-4
-4
-4
-3.69
-3.14
-2.71
-2.16
-1.44
-1
-0.208
0.3687
1.298
1.964
2.97
3.588
4
4
4
4
4
4
4
4
4
4
4
4
4
4
4
4
4
3.86
2.911
2.402
1.548
0.9595
0.0417
-0.845
-1.49
-2.65
-3.48
-4
-4
-4
-4
-4
-4
-4
-4
-4
-4
-4
-4
-4
-4
-4
-4
-4
-4
-4
-4
-4
-4
-4
-3.91
-3.35
-2.95
-2.39
-1.92
-1.47
-0.758
-0.219
0.7063
1.323
2.286
2.99
4
4
4
4
4
4
4
4
4
4
4
4
4
4
4
4
4
4
4
3.399
2.484
1.918
0.9104
0.2708
-0.761
-1.86
-2.65
-3.95
-4
-4
-4
-4
-4
-4
-4
-4
-4
-4
-4
-4
-4
-4
-4
-4
-4
-4
-4
-4
-3.93
-3.62
-3.38
-2.99
-2.76
-2.34
-2.05
-1.64
-1.3
-0.775
-0.371
0.0493
0.6663
1.106
1.861
2.393
3.134
3.691
4
4
4
4
4
4
4
4
4
4
4
4
4
4
4
4
4
3.442
2.637
2.129
1.29
0.5752
-0.274
-1.05
-2.02
-3
-3.67
-4
-4
-4
-4
-4
-4
-4
-4
-4
-4
-4
-4
-4
-4
-4
-4
-4
-4
-4
-3.98
-3.86
-3.74
-3.42
-3.18
-2.73
-2.45
-1.99
-1.71
-1.26
-0.797
-0.697
-0.214
0.1184
0.5671
0.8628
1.455
1.845
2.562
2.955
3.577
4
4
4
4
4
4
4
4
4
4
4
4
4
4
4
4
4
3.429
3.008
2.403
2.028
1.405
0.7856
0.3081
-0.427
-0.981
-1.78
-2.29
-3.05
-3.49
-4
-4
-4
-4
-4
-4
-4
-4
-4
-4
-4
-4
-4
-4
-4
-4
-4
-3.94
-3.68
-3.63
-3.5
-3.41
-3.24
-3.13
-2.89
-2.6
-2.54
-2.27
-2.12
-1.86
-1.68
-1.3
-0.852
-0.433
-0.239
-0.047
0.3665
0.6436
0.9988
1.248
1.605
1.879
1.996
2.227
2.87
3.277
3.734
4
4
4
4
4
4
4
4
4
4
4
4
4
4
4
3.633
3.349
2.906
2.628
2.338
1.963
1.781
1.458
1.25
0.8345
0.5242
0.3438
0.1462
-0.142
-0.375
-0.727
-1.1
-1.33
-1.75
-2.1
-2.65
-3.06
-3.61
-3.92
-4
-4
-4
-4
-4
-4
-4
-4
-4
-4
-4
-4
-4
-3.66
-3.29
-3.1
-2.88
-2.77
-2.62
-2.53
-2.44
-2.4
-2.31
-2.24
-2.11
-1.96
-1.8
-1.74
-1.66
-1.31
-1.15
-0.909
-0.627
-0.427
-0.089
0.2532
0.6707
0.928
1.392
1.644
1.986
2.258
2.775
3.084
3.311
3.534
4
4
4
4
4
4
4
4
4
4
4
4
4
4
3.552
3.277
2.823
2.58
2.365
2.03
1.707
1.549
1.08
0.9304
0.6438
0.5227
0.2136
0.1177
-0.265
-0.634
-0.968
-1.7
-2.24
-3.21
-4
-4
-4
-4
-4
-4
-4
-4
-4
-4
-4
-4
-4
-4
-4
-3.9
-3.61
-3.23
-2.98
-2.66
-2.49
-2.31
-2.22
-2.11
-1.93
-1.74
-1.39
-1.39
-0.995
-0.768
-0.505
-0.117
0.1299
0.519
0.8333
1.237
1.54
2.169
2.586
3.066
3.398
3.959
4
4
4
4
4
4
4
4
4
4
4
4
4
4
4
3.623
3.294
2.763
2.358
1.905
1.612
1.123
0.7722
0.5591
0.3066
0.0037
-0.344
-0.477
-0.946
-1.21
-1.92
-2.56
-3.55
-4
-4
-4
-4
-4
-4
-4
-4
-4
-4
-4
-4
-4
-4
-4
-3.75
-3.48
-3.17
-2.98
-2.72
-2.58
-2.4
-2.2
-2.07
-1.84
-1.72
-1.46
-1.28
-1.12
-0.981
-0.663
-0.467
-0.16
0.2393
0.4424
0.9421
1.278
1.753
2.021
2.464
2.862
3.413
3.809
4
4
4
4
4
4
4
4
4
4
4
4
4
4
3.622
3.225
2.745
2.388
1.973
1.667
1.385
1.116
0.9124
0.3926
0.0068
-0.547
-1.03
-1.92
-2.35
-3.55
-4
-4
-4
-4
-4
-4
-4
-4
-4
-4
-4
-4
-4
-4
-4
-3.92
-3.79
-3.59
-3.49
-3.35
-3.28
-3.13
-2.98
-2.74
-2.49
-2.32
-1.99
-1.69
-1.42
-1.2
-0.912
-0.591
-0.037
0.175
0.4617
0.957
1.397
1.809
2.076
2.426
2.72
3.235
3.563
4
4
4
4
4
4
4
4
4
4
4
4
4
4
4
4
3.652
3.294
2.745
2.428
2
1.744
1.314
1.13
0.8069
0.2551
-0.115
-0.812
-1.36
-2.05
-2.58
-3.44
-4
-4
-4
-4
-4
-4
-4
-4
-4
-4
-4
-4
-4
-4
-4
-3.99
-3.76
-3.51
-3.37
-3.17
-3.01
-2.76
-2.59
-2.29
-2.1
-1.75
-1.38
-1.12
-0.791
-0.73
-0.462
-0.227
0.0625
0.2358
0.6846
0.9126
1.214
1.594
1.86
2.349
2.683
3.273
3.61
4
4
4
4
4
4
4
4
4
4
4
4
4
4
4
3.77
3.154
2.772
2.22
1.885
1.518
1.194
0.917
0.4221
0.0417
-0.59
-1.12
-1.85
-2.67
-3.84
-4
-4
-4
-4
-4
-4
-4
-4
-4
-4
-4
-4
-4
-4
-4
-4
-4
-3.84
-3.62
-3.32
-3.11
-2.84
-2.65
-2.3
-2
-1.64
-1.51
-1.12
-0.802
-0.671
-0.309
-0.125
0.2219
0.4612
0.8723
1.145
1.71
2.002
2.733
3.431
3.935
4
4
4
4
4
4
4
4
4
4
4
4
4
4
4
3.816
3.411
2.797
2.394
1.906
1.408
1.051
0.7388
0.1692
-0.312
-0.918
-1.8
-2.51
-3.85
-4
-4
-4
-4
-4
-4
-4
-4
-4
-4
-4
-4
-4
-4
-4
-4
-4
-4
-3.96
-3.76
-3.61
-3.35
-3.16
-2.87
-2.57
-2.28
-1.93
-1.72
-1.27
-1.11
-0.939
-0.452
-0.145
0.3748
0.6313
1.304
1.634
2.153
2.621
3.021
3.428
4
4
4
4
4
4
4
4
4
4
4
4
4
4
4
3.951
3.188
2.756
2.153
1.797
1.275
0.7375
0.2795
-0.152
-0.999
-1.55
-2.46
-3.8
-4
-4
-4
-4
-4
-4
-4
-4
-4
-4
-4
-4
-4
-4
-4
-4
-4
-4
-4
-4
-3.96
-3.76
-3.6
-3.35
-3.15
-2.85
-2.59
-2.16
-1.76
-1.33
-0.899
-0.51
-0.074
0.3699
0.8713
1.153
1.613
2.035
2.502
2.781
3.513
4
4
4
4
4
4
4
4
4
4
4
4
4
4
4
4
4
3.404
3.007
2.395
2.028
1.465
0.9395
0.5452
0.0374
-0.501
-1.26
-1.74
-2.97
-3.8
-4
-4
-4
-4
-4
-4
-4
-4
-4
-4
-4
-4
-4
-4
-4
-4
-4
-4
-4
-3.97
-3.73
-3.51
-3.19
-2.97
-2.45
-2.17
-1.84
-1.28
-1.13
-0.779
-0.563
-0.113
0.1208
0.761
1.127
1.67
2.516
2.818
3.746
4
4
4
4
4
4
4
4
4
4
4
4
4
4
4
4
3.676
2.985
2.612
2.031
1.711
1.067
0.6152
-0.137
-0.596
-1.43
-2.01
-2.95
-4
-4
-4
-4
-4
-4
-4
-4
-4
-4
-4
-4
-4
-4
-4
-3.74
-3.54
-3.24
-3.04
-2.78
-2.64
-2.46
-2.28
-2.15
-1.96
-1.8
-1.49
-1.29
-0.94
-0.69
-0.294
0.1992
0.5122
1.025
1.524
2.109
2.618
3.199
3.678
4
4
4
4
4
4
4
4
4
4
4
4
4
4
4
3.926
3.408
3.064
2.583
2.228
1.64
1.098
0.3293
-0.292
-1.28
-2.21
-2.84
-3.77
-4
-4
-4
-4
-4
-4
-4
-4
-4
-4
-4
-4
-4
-4
-4
-4
-3.81
-3.66
-3.41
-3.17
-3.05
-2.87
-2.74
-2.56
-2.41
-2.11
-1.87
-1.53
-1.27
-0.907
-0.536
-0.219
0.2324
0.6038
1.173
1.705
2.249
2.766
3.465
3.745
4
4
4
4
4
4
4
4
4
4
4
4
4
4
3.759
3.345
2.773
2.39
1.827
1.443
0.7705
0.4893
-0.354
-0.926
-1.41
-2.03
-2.39
-2.75
-2.96
-3.11
-3.24
-3.39
-3.47
-3.58
-3.58
-3.59
-3.6
-3.6
-3.66
-3.7
-3.67
-3.84
-4
-4
-4
-4
-4
-4
-4
-4
-4
-4
-4
-4
-4
-3.86
-3.45
-3.17
-2.66
-2.4
-2.05
-1.84
-1.66
-1.54
-1.38
-1.33
-1.23
-1.1
-1.01
-0.791
-0.64
-0.309
-0.269
0.1687
0.407
0.7434
0.8804
1.375
1.609
1.93
2.103
2.297
2.613
2.842
3.149
3.338
3.581
3.717
3.879
3.995
4
4
4
4
4
3.972
3.883
3.739
3.591
3.309
3.01
2.803
2.493
2.299
2.004
1.846
1.584
1.419
1.104
0.939
0.6584
0.4497
0.2812
0.1047
0.0894
-0.066
-0.112
-0.198
-0.205
-0.236
-0.353
-0.307
-0.412
-0.432
-0.569
-0.604
-0.727
-0.814
-0.95
-1.11
-1.41
-1.69
-2.17
-2.72
-3.08
-3.61
-3.95
-4
-4
-4
-4
-4
-4
-4
-4
-4
-4
-3.9
-3.48
-3.24
-2.89
-2.69
-2.43
-2.18
-2.05
-1.82
-1.71
-1.59
-1.56
-1.53
-1.48
-1.47
-1.39
-1.32
-1.17
-1.19
-1.1
-0.996
-0.743
-0.598
-0.541
-0.258
-0.102
0.0938
0.321
0.5996
0.7773
1.087
1.187
1.448
1.642
2.026
2.183
2.377
2.5
2.749
2.997
3.095
3.21
3.259
3.313
3.394
3.449
3.496
3.493
3.476
3.397
3.309
3.219
3.014
2.847
2.619
2.421
2.178
2.01
1.802
1.688
1.472
1.244
1.099
0.8933
0.7817
0.6396
0.5496
0.4646
0.3762
0.3508
0.301
0.2456
0.176
0.1008
0.0139
-0.042
-0.118
-0.218
-0.302
-0.348
-0.412
-0.564
-0.65
-0.868
-0.954
-1.15
-1.29
-1.48
-1.58
-1.87
-1.97
-2.3
-2.45
-2.69
-2.96
-3.08
-3.33
-3.44
-3.56
-3.61
-3.62
-3.6
-3.51
-3.46
-3.38
-3.33
-3.3
-3.23
-3.15
-3.03
-2.93
-2.71
-2.58
-2.46
-2.38
-2.32
-2.26
-2.2
-2.1
-2.03
-1.87
-1.79
-1.65
-1.57
-1.44
-1.39
-1.21
-1.14
-0.973
-0.9
-0.802
-0.608
-0.422
-0.314
-0.131
0.0176
0.1064
0.2495
0.4404
0.447
0.5703
0.6819
0.8171
0.9521
1.135
1.412
1.601
1.559
1.704
2.003
2.127
2.222
2.324
2.503
2.652
2.888
3.064
3.296
3.459
3.558
3.586
3.618
3.556
3.529
3.487
3.389
3.256
3.135
2.914
2.689
2.533
2.33
2.163
1.92
1.791
1.555
1.437
1.288
1.195
1.043
0.9026
0.7864
0.6096
0.4805
0.2976
0.1638
0.0037
-0.105
-0.247
-0.374
-0.548
-0.747
-0.938
-1.13
-1.38
-1.77
-2.09
-2.63
-3
-3.57
-3.89
-4
-4
-4
-4
-4
-4
-4
-4
-4
-4
-3.83
-3.46
-3.06
-2.82
-2.53
-2.36
-2.12
-1.98
-1.8
-1.72
-1.63
-1.6
-1.6
-1.66
-1.72
-1.87
-1.94
-2.03
-2.09
-2.1
-2.08
-1.98
-1.87
-1.7
-1.45
-1.36
-1.16
-0.995
-0.855
-0.662
-0.464
-0.349
-0.176
-0.046
0.1204
0.3499
0.48
0.6951
0.8567
1.078
1.259
1.437
1.575
1.756
1.891
2.117
2.264
2.382
2.587
2.705
2.873
2.969
3.078
3.147
3.213
3.287
3.339
3.362
3.363
3.308
3.25
3.1
3.007
2.814
2.66
2.479
2.334
2.23
2.093
2.013
1.86
1.741
1.531
1.409
1.236
1.098
0.9258
0.7432
0.6416
0.4509
0.3811
0.2419
0.157
0.075
0.03
-0.017
-0.034
-0.089
-0.185
-0.256
-0.402
-0.538
-0.783
-0.974
-1.31
-1.55
-1.97
-2.23
-2.66
-3.07
-3.34
-3.68
-3.86
-4
-4
-3.98
-3.91
-3.77
-3.67
-3.54
-3.43
-3.34
-3.16
-3.01
-2.75
-2.58
-2.31
-2.17
-2.07
-2.04
-2.03
-2.04
-2.07
-2.1
-2.13
-2.19
-2.21
-2.22
-2.19
-2.14
-2.05
-1.93
-1.71
-1.56
-1.44
-1.28
-1.04
-0.882
-0.68
-0.562
-0.328
-0.21
-0.045
0.1548
0.1882
0.3997
0.4932
0.6731
0.7898
0.9648
1.087
1.261
1.391
1.589
1.792
1.956
2.143
2.263
2.468
2.569
2.731
2.817
2.937
3.006
3.074
3.159
3.22
3.098
3.087
3.109
3.084
2.967
2.84
2.645
2.502
2.428
2.314
2.25
2.124
2.023
1.858
1.743
1.572
1.438
1.287
1.099
1.031
0.7817
0.7056
0.4722
0.3772
0.1521
-0.006
-0.186
-0.379
-0.576
-0.872
-1.08
-1.33
-1.6
-1.93
-2.23
-2.62
-2.86
-3.11
-3.31
-3.59
-3.73
-3.74
-3.65
-3.57
-3.42
-3.3
-3.15
-3.07
-2.95
-2.89
-2.82
-2.72
-2.66
-2.59
-2.52
-2.42
-2.38
-2.36
-2.37
-2.4
-2.41
-2.43
-2.42
-2.39
-2.33
-2.27
-2.18
-2.12
-2.02
-1.95
-1.82
-1.71
-1.51
-1.33
-1.2
-0.998
-0.749
-0.604
-0.446
-0.236
-0.091
0.1631
0.2581
0.5171
0.9492
1.114
1.202
1.223
1.559
1.723
1.856
1.91
1.988
2.089
2.167
2.285
2.371
2.523
2.584
2.685
2.743
2.801
2.823
2.862
2.89
2.875
2.851
2.819
2.756
2.701
2.618
2.556
2.433
2.345
2.222
2.117
2.043
1.897
1.833
1.697
1.619
1.507
1.43
1.335
1.252
1.144
0.98
0.9656
0.6995
0.5947
0.3523
0.1809
-0.011
-0.218
-0.503
-0.694
-1.06
-1.41
-1.66
-2.11
-2.39
-2.82
-3.09
-3.44
-3.67
-3.95
-4
-4
-4
-4
-4
-3.92
-3.67
-3.51
-3.23
-3.04
-2.77
-2.62
-2.46
-2.27
-2.16
-2.03
-1.95
-1.86
-1.79
-1.74
-1.7
-1.64
-1.6
-1.54
-1.48
-1.44
-1.36
-1.3
-1.21
-1.14
-1.05
-0.931
-0.825
-0.727
-0.583
-0.495
-0.436
-0.364
-0.333
-0.231
-0.168
-0.021
0.083
0.0979
0.2375
0.3638
0.5122
0.6226
0.7688
0.8613
0.9902
1.089
1.206
1.29
1.346
1.376
1.398
1.429
1.404
1.415
1.406
1.388
1.414
1.44
1.461
1.496
1.546
1.623
1.608
1.631
1.601
1.581
1.523
1.48
1.362
1.29
1.124
1.012
0.8992
0.772
0.6924
0.606
0.5793
0.5903
0.5989
0.6318
0.6641
0.7065
0.7283
0.7551
0.7637
0.7576
0.7354
0.7131
0.6873
0.6814
0.6587
0.6541
0.6497
0.6458
0.6721
0.6992
0.7017
0.7212
0.7231
0.7512
0.7837
0.76
0.7676
0.7825
0.7798
0.7747
0.7776
0.7727
0.7397
0.7476
0.6938
0.6719
0.6824
0.6812
0.7126
0.6697
0.6995
0.6721
0.6655
0.5461
0.4758
0.4121
0.3848
0.4045
0.416
0.396
0.4355
0.6689
0.981
1.079
1.136
1.18
1.316
1.378
1.261
1.127
1.063
1.096
1.27
1.517
1.569
1.567
1.456
1.27
1.114
0.9006
0.7734
0.6162
0.5071
0.428
0.3767
0.3525
0.2866
0.2864
0.2805
0.2942
0.3672
0.4263
0.5344
0.686
1.157
2.947
3.952
4
4
2.752
2.039
1.247
0.8738
0.5825
0.5222
0.5876
0.7439
0.8118
0.7983
0.7734
0.7935
0.7759
0.7803
0.7695
0.7253
0.6938
0.7234
0.8162
0.853
0.8835
0.9268
0.9478
0.9695
0.9685
1.004
0.9949
0.9919
0.9868
0.9778
0.9875
1.014
1.01
1.01
1.019
1.026
1.017
1.023
1.018
1.005
0.9939
0.9749
0.947
0.9324
0.8882
0.8691
0.8503
0.8557
0.8513
0.8474
0.8477
0.8496
0.8516
0.8503
0.8535
0.8591
0.8765
0.9026
0.9417
0.9448
0.9714
0.979
0.9673
0.9319
0.8635
0.8193
0.7334
0.6558
0.6416
3.295
1.588
0.2458
-0.106
0.4036
0.2751
0.9739
1.825
0.5471
-0.106
0.0088
0.2847
0.6897
4
4
0.6897
1.202
0.8022
0.5737
0.2661
0.5095
0.8386
0.7686
0.5754
0.4678
0.5669
0.7644
0.8313
0.7839
0.7737
1.299
3.926
0.8779
0.2161
0.4583
0.8735
0.9775
0.7842
0.6614
1.911
1.79
1.129
0.6055
0.5012
1.26
1.528
1.009
0.7842
0.8721
1.071
1.187
1.039
0.908
1.036
1.088
1.016
0.981
1.025
1.046
1.028
0.9912
0.9941
1.017
1.034
1.024
1.022
1.019
1.02
1.04
1.039
1.018
1.009
1.021
1.022
1.015
1.022
1.029
1.013
1.028
1.016
1.012
1.017
1.034
1.023
1.014
1.009
1.016
1.016
1.017
1.023
1.024
1.018
1.016
1.026
1.02
1.026
1.027
1.009
1.014
1.033
1.026
0.9978
1.041
0.9248
0.9402
1.109
1.091
1.011
0.9858
1.016
1.09
1.065
0.9932
0.9902
1.015
1.017
1.015
1.012
1.006
1.013
1.028
1.024
1.026
1.029
1.023
1.026
1.023
1.026
1.022
1.014
1
1.01
1.009
1.018
1.027
1.022
1.019
1.024
1.023
1.024
1.019
1.031
1.024
1.018
1.02
1.009
1.005
1.017
1.014
1.009
1.018
1.026
1.027
1.02
1.028
1.026
1.017
1.021
1.026
1.017
1.019
1.017
1.02
1.022
1.02
1.016
1.023
1.012
1.014
1.025
1.026
1.019
1.015
1.011
1.02
1.022
1.02
1.007
1.021
1.019
1.021
1.02
1.018
1.019
1.022
1.017
1.012
1.027
1.014
1.026
1.017
1.027
1.02
1.018
1.018
1.019
1.018
1.022
1.026
1.015
1.01
1.013
1.022
1.026
1.021
1.026
1.024
1.031
1.021
1.028
1.017
1.023
1.023
1.018
1.016
1.018
1.025
1.02
1.016
1.015
1.021
1.018
1.014
1.029
1.014
1.011
1.014
1.017
1.021
1.021
1.01
1.018
1.017
1.027
1.021
1.018
1.019
1.015
1.024
1.022
1.027
1.012
1.02
1.026
1.021
1.017
1.022
1.031
1.018
1.02
1.023
1.017
1.013
1.02
1.017
1.023
1.015
1.015
1.018
1.028
1.01
1.023
1.021
1.014
1.015
1.02
1.026
1.019
1.02
1.021
1.03
1.026
1.019
1.015
1.02
1.02
1.016
1.022
1.022
1.021
1.017
1.02
1.021
1.022
1.02
1.019
1.018
1.019
1.029
1.018
1.016
1.024
1.016
1.026
1.023
1.018
1.019
1.021
1.025
1.026
1.024
1.024
1.02
1.022
1.026
1.023
1.016
1.021
1.021
1.02
1.015
1.015
1.016
1.03
1.018
1.021
1.023
1.025
1.021
1.02
1.014
1.016
1.028
1.026
1.022
1.017
1.027
1.021
1.015
1.019
1.025
1.016
1.016
1.02
1.03
1.018
1.016
1.013
1.023
1.022
1.022
1.031
1.016
1.021
1.017
1.015
1.02
1.017
1.014
1.029
1.021
1.016
1.011
1.025
1.014
1.02
1.028
1.02
1.016
1.016
1.014
1.02
1.014
1.02
1.028
1.021
1.022
1.026
1.024
1.015
1.014
1.021
1.017
1.024
1.027
1.015
1.022
1.02
1.015
1.027
1.022
1.019
1.014
1.015
1.027
1.021
1.023
1.02
1.016
1.004
1.036
1.023
1.025
1.019
1.012
1.025
1.025
1.018
1.021
1.028
1.017
1.019
1.015
1.023
1.018
1.021
1.024
1.03
1.017
1.031
1.022
1.021
1.017
1.014
1.016
1.017
1.027
1.018
1.021
1.02
1.02
1.02
1.008
1.027
1.021
1.02
1.024
1.023
1.016
1.018
1.022
1.02
1.023
1.019
1.008
1.031
1.022
1.031
1.023
1.013
1.019
1.021
1.019
1.017
1.015
1.022
1.019
1.013
1.018
1.017
1.021
1.012
1.015
1.019
1.031
1.016
1.013
1.024
1.022
1.025
1.021
1.022
1.022
1.019
1.005
1.023
1.02
1.019
1.018
1.021
1.021
1.009
1.025
1.028
1.015
1.022
1.014
1.026
1.023
1.015
1.024
1.025
1.019
1.021
1.009
1.02
1.021
1.022
1.021
1.014
1.024
1.031
1.02
1.024
1.03
1.02
1.027
1.017
1.023
1.017
1.024
1.02
1.017
1.018
1.018
1.022
1.028
1.018
1.021
1.014
1.024
1.021
1.024
1.016
1.033
1.005
1.02
1.028
1.026
1.015
1.016
1.016
1.021
1.021
1.02
1.023
1.019
1.022
1.023
1.014
1.018
1.029
1.024
1.02
1.01
1.009
1.019
1.013
1.023
1.016
1.018
1.021
1.02
1.022
1.023
1.018
1.006
1.025
1.022
1.032
1.021
1.018
1.02
1.022
1.025
1.018
1.018
1.027
1.024
1.013
1.021
1.024
1.023
1.026
1.018
1.013
1.019
1.027
1.031
1.016
1.017
1.02
1.019
1.025
1.027
1.025
1.016
1.022
1.026
1.014
1.015
1.028
1.025
1.016
1.022
1.028
1.017
1.011
1.023
1.025
1.032
1.017
1.022
1.025
1.019
1.022
1.024
1.005
1.03
1.029
1.02
1.025
1.027
1.017
1.023
1.027
1.029
1.023
1.018
1.011
1.018
1.027
1.034
1.025
1.018
1.023
1.024
1.024
1.022
1.02
1.025
1.021
1.017
1.023
1.02
1.022
1.028
1.022
1.02
1.015
1.019
1.03
1.029
1.015
1.01
1.016
1.023
1.026
1.02
1.023
1.021
1.011
1.016
1.025
1.024
1.031
1.027
1.016
1.017
1.027
1.016
1.013
1.016
1.02
1.022
1.012
1.018
1.022
1.016
1.016
1.033
1.018
1.025
1.019
1.018
1.02
1.025
1.015
1.017
1.023
1.014
1.022
1.012
1.028
1.015
1.023
1.025
1.017
1.023
1.021
1.012
1.027
1.024
1.014
1.019
1.009
1.027
1.015
1.019
1.022
1.024
1.023
1.015
1.024
1.023
1.027
1.027
1.024
1.018
1.034
1.024
1.02
1.015
1.016
1.02
1.024
1.025
1.021
1.025
1.028
1.015
1.022
1.026
1.018
1.019
1.024
1.01
1.019
1.019
1.016
1.024
1.019
1.029
1.028
1.029
1.017
1.008
1.021
1.011
1.014
1.024
1.017
1.015
1.03
1.026
1.014
1.014
1.02
1.014
1.019
1.024
1.013
1.021
1.022
1.019
1.005
1.021
1.024
1.027
1.03
1.025
1.027
1.018
1.024
1.016
1.017
1.018
1.02
1.021
1.018
1.02
1.029
1.016
1.012
1.015
1.03
1.013
1.017
1.015
1.028
1.001
1.006
1.035
1.035
1.013
1.014
1.024
1.024
1.013
1.014
1.015
1.026
1.02
1.017
1.018
1.02
1.021
1.017
1.017
1.013
1.031
1.021
1.014
1.014
1.025
1.021
1.021
1.019
1.019
1.017
1.018
1.028
1.024
1.02
1.02
1.022
1.021
1.019
1.022
1.02
1.031
1.015
1.017
1.024
1.024
1.021
1.02
1.016
1.018
1.016
1.023
1.016
1.034
1.013
1.014
1.017
1.027
1.024
1.018
1.02
1.02
1.022
1.02
1.015
1.023
1.017
1.018
1.019
1.024
1.02
1.013
1.019
1.017
1.019
1.022
1.026
1.025
1.021
1.018
1.017
1.023
1.029
1.015
1.022
1.017
1.027
1.013
1.02
1.031
1.029
1.015
1.017
1.025
1.023
1.024
1.021
1.021
1.008
1.018
1.01
1.021
1.017
1.02
1.019
1.025
1.015
1.024
1.014
1.019
1.011
1.012
1.02
1.019
1.016
1.028
1.026
1.023
1.016
1.019
1.019
1.025
1.027
1.02
1.02
1.021
1.02
1.02
1.028
1.035
1.027
1.02
1.02
1.015
1.016
1.019
1.026
1.014
1.019
1.02
1.023
1.021
1.012
1.028
1.029
1.014
1.023
1.023
1.016
1.019
1.021
1.011
1.018
1.028
1.025
1.024
1.026
1.027
1.018
1.015
1.021
1.022
1.018
1.021
1.013
1.011
1.019
1.022
1.032
1.02
1.021
1.013
1.025
1.021
1.028
1.025
1.029
1.024
1.017
1.021
1.011
1.011
1.019
1.028
1.011
1.026
1.01
1.012
1.037
1.027
1.002
1.014
1.021
1.033
1.04
1.018
0.9902
1.011
1.043
1.045
1.01
1.011
1.001
1.029
1.035
1.022
1.006
1.012
1.017
1.031
1.027
1.006
1.011
1.024
1.04
1.033
1.022
1.021
1.02
1.023
1.021
1.016
1.021
1.024
1.015
1.029
1.028
1.029
1.018
1.016
1.026
