0.3818
0.5107
0.5796
0.7231
0.936
0.8274
0.9456
1.01
1.125
1.192
1.295
1.352
1.429
1.463
1.507
1.511
1.522
1.541
1.543
1.531
1.463
1.347
1.274
1.146
1.038
0.8652
0.7368
0.562
0.4565
0.2483
0.145
-0.059
-0.278
-0.442
-0.714
-0.92
-1.19
-1.36
-1.65
-1.82
-2.02
-1.63
-2.48
-2.77
-2.77
-2.86
-2.93
-3.03
-3.03
-2.94
-2.79
-2.64
-2.51
-2.28
-2.03
-1.88
-1.65
-1.45
-1.33
-1.18
-0.948
-0.828
-0.75
-0.761
-0.78
-0.785
-0.803
-0.863
-0.895
-0.907
-0.973
-1.04
-1.05
-1.04
-1.06
-1.06
-0.985
-0.923
-0.852
-0.757
-0.614
-0.509
-0.317
-0.241
-0.062
0.0396
0.1968
0.303
0.5215
0.7009
0.8354
0.9128
0.9734
1.14
1.24
1.418
1.373
1.575
1.63
1.718
1.786
1.867
1.808
1.811
1.836
1.828
1.805
1.692
1.548
1.475
1.283
1.024
0.8323
0.5222
0.2681
-0.101
-0.32
-0.658
-0.883
-1.09
-1.29
-1.58
-1.76
-2.06
-2.25
-1.79
-2.87
-2.86
-2.71
-2.7
-3.16
-3.73
-3.68
-3.13
-2.61
-2.55
-2.56
-2.39
-2.17
-1.95
-1.77
-1.51
-1.45
-1.33
-1.23
-1.13
-0.849
-1.1
-1.11
-1.13
-1.12
-1.12
-1.16
-1.2
-1.3
-1.33
-1.3
-1.34
-1.36
-1.31
-1.28
-1.23
-1.15
-1.04
-0.966
-0.791
-0.659
-0.243
-0.412
-0.187
-0.01
0.1096
0.3921
0.5781
0.5603
0.6438
0.5955
0.7095
0.9363
0.9934
1.176
1.32
1.461
1.575
1.663
1.731
1.775
1.829
1.868
1.905
1.932
1.925
1.872
1.799
1.508
1.326
1.125
0.925
0.6096
0.3787
0.147
0.0017
-0.361
-0.562
-0.879
-1.22
-1.51
-1.76
-1.93
-2.36
-2.28
-2.46
-2.59
-2.69
-2.76
-2.7
-2.73
-2.68
-2.57
-2.59
-2.51
-2.38
-2.23
-2.1
-1.9
-1.76
-1.58
-1.47
-1.35
-1.22
-1.17
-1.13
-1.14
-1.12
-1.15
-1.22
-1.29
-1.37
-1.45
-1.42
-1.43
-1.45
-1.41
-1.34
-1.31
-1.27
-1.13
-1.04
-0.929
-0.811
-0.699
-0.444
-0.297
-0.12
-0.005
0.2932
0.2937
0.4766
0.4817
0.679
0.7646
0.8945
1.013
1.173
1.365
1.613
1.38
1.524
1.602
1.686
1.719
1.747
1.8
1.79
1.766
1.628
1.519
1.324
1.162
0.9751
0.8191
0.553
0.3821
0.0867
-0.113
-0.416
-0.844
-1.04
-1.35
-1.67
-1.93
-2.09
-1.95
-2.32
-2.87
-2.86
-2.96
-3.04
-3.04
-2.9
-2.81
-2.52
-2.43
-2.25
-2.05
-1.8
-1.68
-1.49
-1.37
-1.22
-1.1
-1
-0.89
-0.873
-0.838
-0.827
-0.861
-0.94
-1.07
-1.21
-1.29
-1.41
-1.43
-1.44
-1.4
-1.39
-1.36
-1.23
-1.16
-1.08
-1.01
-0.837
-0.771
-0.628
-0.479
-0.36
-0.211
-0.142
0.0691
0.0803
0.189
0.2793
0.4226
0.457
0.5859
0.6121
0.6858
0.804
0.9055
1.046
1.121
1.209
1.279
1.373
1.408
1.483
1.553
1.579
1.612
1.594
1.527
1.459
1.326
1.193
1.046
0.9546
0.7822
0.6692
0.499
0.3181
0.1672
-0.066
-0.235
-0.529
-0.693
-0.988
-1.16
-1.42
-1.59
-1.74
-1.9
-1.8
-2.18
-2.43
-2.46
-2.52
-2.56
-2.56
-2.48
-2.36
-2.19
-2
-1.95
-1.74
-1.55
-1.41
-1.35
-1.21
-1.15
-1.08
-1.05
-1.03
-1.02
-1.05
-1
-1.04
-1.09
-1.09
-1.12
-1.13
-1.15
-1.11
-1.06
-1.06
-0.98
-0.853
-0.789
-0.711
-0.625
-0.48
-0.419
-0.269
-0.184
-0.04
0.0525
0.1648
0.3298
0.4097
0.5295
0.5928
0.7041
0.7668
0.864
0.9536
1.059
1.143
1.211
1.324
1.389
1.492
1.554
1.618
1.627
1.603
1.601
1.432
1.314
1.091
0.8862
0.7393
0.5371
0.4143
0.1978
0.0354
-0.167
-0.326
-0.578
-0.763
-1.06
-1.27
-1.6
-1.82
-1.95
-2.16
-2.24
-2.25
-2.55
-2.66
-2.66
-2.68
-2.65
-2.54
-2.4
-2.25
-2.15
-2.05
-1.8
-1.69
-1.54
-1.41
-1.25
-1.16
-1.06
-1.01
-0.99
-0.993
-1.02
-1.13
-1.21
-1.3
-1.3
-1.32
-1.29
-1.27
-1.27
-1.22
-1.12
-1.07
-1
-0.972
-0.86
-0.781
-0.619
-0.418
-0.326
-0.184
0.0479
0.2285
0.3743
0.5251
0.7295
0.5364
0.8179
0.9717
1.078
1.191
1.308
1.484
1.583
1.659
1.743
1.778
1.805
1.842
1.838
1.807
1.701
1.58
1.422
1.196
1.05
0.8379
0.6335
0.3423
0.1392
-0.193
-0.389
-0.677
-0.887
-1.16
-1.41
-1.67
-1.98
-2.13
-2.38
-2.53
-2.7
-2.31
-2.96
-3.14
-3.15
-3.04
-3.03
-2.93
-2.75
-2.59
-2.42
-2.16
-2.01
-1.74
-1.56
-1.36
-1.23
-1.06
-0.96
-0.927
-0.952
-0.901
-0.989
-1.06
-1.21
-1.25
-1.31
-1.29
-1.32
-1.34
-1.29
-1.21
-1.15
-1.03
-0.932
-0.791
-0.684
-0.494
-0.387
-0.114
0.0444
0.2273
0.4778
0.5928
0.6978
0.8499
0.9834
1.095
1.28
1.203
1.391
1.466
1.596
1.656
1.718
1.775
1.795
1.813
1.809
1.804
1.776
1.719
1.585
1.447
1.275
1.108
0.8757
0.6411
0.3433
0.0999
-0.24
-0.446
-0.715
-0.917
-1.2
-1.43
-1.6
-1.89
-2.06
-1.99
-2.42
-2.67
-2.74
-2.86
-2.97
-3.02
-3.07
-3.02
-3
-2.91
-2.75
-2.63
-2.47
-2.32
-2.06
-1.89
-1.65
-1.49
-1.31
-1.23
-1.2
-1.15
-1.16
-1.18
-1.21
-1.22
-1.3
-1.41
-1.46
-1.51
-1.5
-1.44
-1.37
-1.36
-1.2
-1.1
-0.949
-0.827
-0.601
-0.432
-0.204
-0.064
0.1729
0.4226
0.5874
0.8184
0.9509
1.066
1.244
1.424
1.521
1.661
1.735
1.849
1.962
2.011
2.09
2.142
2.183
2.195
2.164
2.125
1.996
1.877
1.684
1.487
1.306
1.012
0.8398
0.4971
0.1604
-0.376
-0.68
-1.16
-1.45
-1.8
-1.99
-2.36
-2.65
-2.9
-3.17
-2.72
-3.69
-4
-3.9
-3.86
-3.78
-3.73
-3.51
-3.18
-2.92
-2.61
-2.4
-2.04
-1.86
-1.6
-1.43
-1.23
-1.12
-1.06
-1.07
-1.04
-1.11
-1.23
-1.31
-1.35
-1.4
-1.41
-1.36
-1.28
-1.2
-1.17
-1.02
-0.804
-0.698
-0.457
-0.308
-0.093
0.0479
0.2175
0.343
0.53
0.6919
0.8523
0.9561
1.064
1.186
1.271
1.386
1.469
1.597
1.677
1.791
1.854
1.949
2.032
2.068
2.09
2.101
2.09
2.044
1.942
1.744
1.543
1.4
1.097
0.8403
0.408
-0.118
-0.479
-1.02
-1.3
-1.7
-1.88
-2.18
-2.35
-2.55
-2.66
-3.27
-3.58
-3.62
-3.61
-3.77
-3.77
-3.69
-3.49
-3.37
-3.1
-2.95
-2.7
-2.4
-2.17
-1.86
-1.69
-1.44
-1.33
-1.18
-1.1
-1.03
-1.04
-1.09
-1.16
-1.29
-1.35
-1.43
-1.47
-1.53
-1.45
-1.33
-1.28
-1.25
-1.09
-0.931
-0.682
-0.43
-0.206
0.0671
0.2419
0.4668
0.6023
0.8188
0.9194
1.131
1.243
1.419
1.592
1.693
1.867
1.977
2.125
2.2
2.314
2.353
2.401
2.393
2.374
2.336
2.227
2.048
1.893
1.649
1.412
0.9956
0.6848
0.1433
-0.262
-0.888
-1.28
-1.83
-2.24
-2.38
-2.62
-2.83
-2.99
-3.17
-3.31
-3.44
-3.48
-3.52
-3.53
-3.49
-3.39
-3.27
-3.21
-3.04
-2.92
-2.74
-2.59
-2.3
-2.1
-1.84
-1.64
-1.46
-1.28
-1.2
-1.14
-1.11
-1.09
-1.1
-1.14
-1.22
-1.32
-1.34
-1.36
-1.35
-1.33
-1.29
-1.27
-1.24
-1.12
-0.965
-0.884
-0.652
-0.529
-0.28
-0.113
0.0156
0.1707
0.2554
0.3601
0.4736
0.6387
0.7256
0.8608
0.9824
1.177
1.225
1.355
1.519
1.656
1.823
1.937
2.081
2.163
2.231
2.25
2.23
2.177
2.048
1.86
1.715
1.412
1.184
0.8325
0.5408
0.0864
-0.264
-0.81
-1.14
-1.6
-1.94
-2.2
-2.42
-2.6
-2.79
-2.89
-3.16
-3.18
-2.99
-3.46
-3.42
-3.44
-3.43
-3.26
-3.12
-2.96
-2.85
-2.62
-2.44
-2.18
-2
-1.74
-1.57
-1.31
-1.07
-0.946
-0.784
-0.706
-0.676
-0.706
-0.76
-0.821
-0.943
-1.03
-1.18
-1.24
-1.27
-1.25
-1.25
-1.15
-1.16
-1.1
-1.01
-0.814
-0.664
-0.389
-0.114
0.0461
0.2864
0.4263
0.6008
0.7302
0.8948
1.007
1.164
1.282
1.457
1.596
1.76
1.856
1.949
2.037
2.065
2.046
2.023
1.951
1.858
1.678
1.558
1.364
1.142
0.9932
0.749
0.5078
0.0383
-0.295
-0.777
-1.06
-1.36
-1.6
-1.95
-2.31
-2.58
-2.74
-2.44
-3.39
-3.77
-3.64
-3.79
-3.99
-4
-3.82
-3.66
-3.54
-3.29
-3.04
-2.64
-2.43
-2.05
-1.86
-1.54
-1.37
-1.19
-1.14
-1.06
-1.07
-1.21
-0.996
-0.951
-1.27
-1.36
-1.52
-1.64
-1.77
-1.83
-1.84
-1.78
-1.72
-1.53
-1.43
-1.21
-1.07
-0.761
-0.573
-0.333
-0.167
0.053
0.2175
0.2883
0.4133
0.5173
0.6934
0.8545
1.074
1.161
1.378
1.513
1.727
1.865
1.952
2.08
2.128
2.171
2.17
2.145
2.09
1.97
1.874
1.633
1.508
1.26
0.8777
0.6365
0.2043
-0.064
-0.391
-0.601
-0.923
-1.16
-1.52
-1.71
-1.94
-2.26
-2.47
-2.8
-2.99
-3.2
-3.35
-3.55
-3.59
-3.55
-3.54
-3.52
-3.34
-3.18
-2.9
-2.7
-2.37
-2.14
-1.76
-1.55
-1.31
-1.22
-1.18
-1.17
-1.22
-1.32
-1.34
-1.4
-1.51
-1.69
-1.75
-1.8
-1.79
-1.75
-1.66
-1.58
-1.41
-1.28
-1.05
-0.865
-0.599
-0.388
-0.082
0.0759
0.2366
0.342
0.5022
0.6987
0.8298
1.032
1.13
1.309
1.422
1.602
1.701
1.808
1.84
1.875
1.882
1.873
1.84
1.794
1.696
1.629
1.535
1.49
1.327
1.245
1.063
0.7717
0.5132
0.0625
-0.274
-0.742
-0.981
-1.22
-1.35
-1.47
-1.59
-1.75
-1.87
-2.08
-2.23
-2.32
-2.44
-2.52
-2.57
-2.38
-2.78
-2.7
-2.52
-2.45
-2.35
-2.21
-2.05
-1.84
-1.71
-1.49
-1.35
-1.23
-1.15
-1.05
-1
-0.992
-1.01
-1.06
-1.21
-1.3
-1.45
-1.54
-1.63
-1.66
-1.68
-1.72
-1.68
-1.63
-1.61
-1.51
-1.46
-1.28
-1.14
-0.887
-0.706
-0.463
-0.313
-0.148
0.0505
0.1604
0.3005
0.406
0.5669
0.6821
0.832
0.9629
1.149
1.237
1.4
1.477
1.564
1.617
1.653
1.692
1.718
1.722
1.72
1.625
1.55
1.497
1.393
1.28
1.135
0.9722
0.6821
0.4985
0.2102
0.0232
-0.254
-0.434
-0.653
-0.793
-1.06
-1.28
-1.46
-1.67
-1.86
-2.04
-2.17
-2.35
-2.12
-2.51
-2.73
-2.89
-2.9
-2.87
-2.98
-3.01
-2.86
-2.74
-2.61
-2.48
-2.33
-2.26
-1.87
-1.62
-1.33
-1.15
-1.01
-0.914
-0.932
-0.918
-0.933
-0.989
-1.07
-1.17
-1.27
-1.38
-1.47
-1.55
-1.59
-1.57
-1.51
-1.49
-1.34
-1.25
-1.1
-0.96
-0.74
-0.588
-0.323
-0.052
0.0886
0.3323
0.4602
0.5862
0.6741
0.8391
0.9451
1.138
1.275
1.467
1.667
1.773
1.891
1.933
1.978
1.995
2.014
2.025
2.019
1.978
1.868
1.687
1.591
1.428
1.327
1.154
1.034
0.772
0.5576
0.2048
-0.003
-0.329
-0.603
-0.73
-0.92
-1.04
-1.24
-1.42
-1.56
-1.76
-1.85
-1.72
-2.73
-2.81
-2.86
-3.03
-3.2
-3.29
-3.2
-3.16
-3.08
-3.02
-2.97
-2.81
-2.65
-2.41
-2.22
-2.15
-1.65
-1.53
-1.38
-1.27
-1.17
-1.01
-0.939
-0.897
-0.869
-1.03
-1.09
-1.22
-1.29
-1.38
-1.43
-1.42
-1.35
-1.36
-1.31
-1.14
-1.09
-0.819
-0.611
-0.447
-0.193
0.0044
0.1919
0.3066
0.5171
0.6216
0.7842
0.915
1.108
1.301
1.424
1.601
1.713
1.84
1.903
1.957
1.979
1.986
1.988
1.957
1.903
1.848
1.748
1.642
1.522
1.441
1.27
1.141
0.9312
0.6814
0.2979
0.0549
-0.27
-0.517
-0.664
-0.887
-0.99
-1.23
-1.42
-1.65
-1.83
-2.15
-2.32
-2.49
-2.68
-2.81
-2.9
-2.94
-2.97
-2.93
-2.86
-2.76
-2.6
-2.49
-2.33
-2.1
-1.95
-1.73
-1.58
-1.4
-1.3
-1.17
-1.1
-1.02
-1.12
-1.11
-0.823
-1.14
-1.32
-1.38
-1.44
-1.47
-1.47
-1.47
-1.41
-1.37
-1.22
-1.16
-1.09
-0.904
-0.781
-0.623
-0.493
-0.269
-0.125
0.0476
0.1401
0.269
0.3379
0.4561
0.5767
0.677
0.8123
0.8972
1.045
1.113
1.217
1.255
1.297
1.326
1.352
1.406
1.501
1.617
1.714
1.863
1.938
2.032
2.068
2.062
2.034
1.93
1.824
1.605
1.366
1.208
0.9666
0.7761
0.4917
0.3293
0.0471
-0.133
-0.403
-0.598
-0.87
-1.13
-1.3
-1.55
-1.76
-2.01
-2.21
-2.53
-2.64
-2.93
-3.08
-3.21
-3.33
-3.33
-3.29
-3.23
-3.19
-3.11
-2.98
-2.84
-2.64
-2.53
-2.36
-2.23
-2.04
-1.85
-1.75
-1.66
-1.61
-1.52
-1.5
-1.45
-1.47
-1.53
-1.58
-1.55
-1.48
-1.45
-1.39
-1.34
-1.25
-1.2
-1.03
-0.967
-0.787
-0.646
-0.412
-0.192
-0.051
0.1648
0.2646
0.4307
0.5759
0.7871
0.9419
1.137
1.269
1.449
1.603
1.701
1.832
1.912
2.022
2.085
2.16
2.205
2.269
2.309
2.351
2.365
2.369
2.319
2.276
2.118
2.034
1.803
1.634
1.366
1.172
0.8225
0.5801
0.2246
-0.125
-0.321
-0.607
-0.797
-1.13
-1.38
-1.68
-1.92
-2.21
-2.45
-2.72
-3.06
-3.31
-3.53
-3.6
-3.57
-3.56
-3.56
-3.43
-3.24
-3.09
-2.89
-2.63
-2.46
-2.25
-2.11
-1.92
-1.8
-1.61
-1.51
-1.36
-1.26
-1.19
-1.25
-1.37
-1.44
-1.44
-1.39
-1.32
-1.21
-1.11
-1.03
-0.983
-0.855
-0.778
-0.591
-0.439
-0.29
-0.085
0.0505
0.239
0.3711
0.5322
0.6321
0.7517
0.863
0.9912
1.095
1.23
1.397
1.469
1.598
1.688
1.825
1.918
2.081
2.197
2.341
2.419
2.534
2.61
2.644
2.661
2.668
2.648
2.581
2.414
2.262
1.982
1.819
1.613
1.293
1.057
0.6331
0.3743
-0.124
-0.399
-0.818
-1.08
-1.48
-1.77
-2.12
-2.45
-2.61
-2.8
-2.91
-3.14
-3.24
-3.4
-3.5
-3.48
-3.48
-3.44
-3.38
-3.32
-3.19
-3.09
-2.87
-2.73
-2.51
-2.36
-2.14
-1.99
-1.81
-1.72
-1.57
-1.48
-1.42
-1.32
-1.32
-1.37
-1.42
-1.47
-1.47
-1.45
-1.41
-1.36
-1.3
-1.26
-1.14
-1.03
-0.913
-0.797
-0.589
-0.447
-0.322
-0.208
0.0269
0.1475
0.249
0.4136
0.5239
0.6907
0.7805
0.9519
1.036
1.209
1.316
1.443
1.553
1.701
1.844
1.943
2.079
2.186
2.305
2.386
2.491
2.554
2.653
2.691
2.733
2.72
2.666
2.505
2.354
2.065
1.833
1.446
1.196
0.7656
0.4534
0.0259
-0.428
-0.684
-1.02
-1.26
-1.55
-1.75
-2.01
-2.18
-2.4
-2.53
-2.73
-2.9
-3
-3.01
-3
-2.92
-2.95
-2.95
-2.94
-2.94
-2.91
-2.84
-2.72
-2.53
-2.37
-2.21
-2.06
-1.95
-1.79
-1.72
-1.64
-1.59
-1.49
-1.46
-1.47
-1.51
-1.57
-1.61
-1.62
-1.6
-1.59
-1.55
-1.52
-1.45
-1.38
-1.23
-1.11
-1.04
-0.903
-0.801
-0.62
-0.547
-0.396
-0.225
-0.104
0.0164
0.1287
0.2549
0.3203
0.4812
0.593
0.74
0.8301
0.9475
1.075
1.187
1.295
1.398
1.599
1.78
1.885
1.963
2.066
2.106
2.16
2.21
2.242
2.27
2.298
2.275
2.236
2.102
1.976
1.764
1.555
1.245
0.9895
0.6277
0.3948
0.0525
-0.19
-0.523
-0.83
-1.04
-1.34
-1.5
-1.75
-1.9
-2.06
-2.12
-2.2
-2.27
-2.28
-2.29
-2.28
-2.23
-2.23
-2.24
-2.22
-2.19
-2.15
-2.11
-2.07
-1.98
-1.91
-1.76
-1.64
-1.55
-1.5
-1.42
-1.3
-1.27
-1.16
-1.12
-1.06
-1.02
-1
-0.991
-0.969
-0.94
-0.942
-0.921
-0.904
-0.881
-0.862
-0.841
-0.789
-0.712
-0.702
-0.634
-0.548
-0.455
-0.382
-0.342
-0.205
-0.14
0.0059
0.1011
0.2683
0.4307
0.5435
0.6985
0.7991
0.9604
1.06
1.188
1.298
1.48
1.559
1.613
1.683
1.799
1.827
1.868
1.903
1.899
1.866
1.823
1.733
1.672
1.559
1.473
1.356
1.214
1.084
0.9138
0.7927
0.614
0.5254
0.3833
0.2849
0.1101
0.0046
-0.175
-0.398
-0.492
-0.673
-0.796
-0.969
-1.06
-1.23
-1.35
-1.47
-1.59
-1.68
-1.75
-1.82
-1.87
-1.91
-2
-2.03
-2.06
-2.14
-2.27
-2.26
-2.29
-2.3
-2.3
-2.27
-2.26
-2.16
-2.11
-1.96
-1.89
-1.72
-1.62
-1.48
-1.36
-1.24
-1.14
-1.09
-1.04
-0.983
-0.971
-0.967
-0.928
-0.903
-0.868
-0.874
-0.83
-0.792
-0.761
-0.649
-0.569
-0.519
-0.308
-0.379
-0.354
-0.219
-0.207
-0.039
0.1094
0.1465
0.2776
0.3809
0.4333
0.52
0.5732
0.6411
0.7275
0.8127
0.9282
1.082
1.141
1.292
1.438
1.639
1.647
1.776
1.874
1.872
1.907
1.921
1.911
1.877
1.633
0.0044
-2.49
-0.075
3.326
4
-3.34
-4
-4
2.795
3.149
-0.383
-1.86
-0.798
0.4009
-0.182
1.001
0.7905
0.792
1.055
0.4624
0.0312
0.2866
0.354
0.3826
0.6677
-1.57
-2.07
-1.85
-1.53
-1.65
-1.83
-2.16
-2.46
-2.69
-2.96
-3.04
-3
-2.89
-2.55
-2.27
-1.8
-1.5
-1.05
-0.657
-0.4
0.0103
0.3015
0.6418
0.811
0.7991
1.05
1.615
1.43
1.272
1.069
1.049
0.8755
0.7256
0.4929
0.459
0.5554
0.4949
0.5181
0.5757
0.635
0.6521
0.7017
0.6709
0.7053
0.6541
0.6885
0.541
0.5178
0.2563
0.1155
-0.145
-0.206
-0.301
-0.323
-0.297
-0.189
-0.116
-0.076
-0.054
-0.002
0.0276
0.0708
0.0894
0.1509
0.1772
0.1897
0.2014
0.1687
0.0793
0.002
-0.135
-0.181
-0.214
-0.23
-0.258
-0.205
-0.173
-0.194
-0.198
-0.239
-0.25
-0.382
-0.442
-0.499
-0.519
-0.558
-0.545
-0.567
-0.543
-0.532
-0.563
-0.586
-0.553
-0.51
-0.479
-0.477
-0.333
-0.307
-0.217
-0.085
-0.051
0.0427
0.1187
0.228
0.3491
0.4465
0.5757
0.6643
0.7773
0.8872
1.006
1.033
1.031
1.319
1.397
1.131
1.521
1.481
1.522
1.536
1.366
1.383
1.336
1.432
1.206
0.8718
0.6865
0.5925
0.3572
0.2229
0.0581
0.1477
-0.16
-0.182
-0.21
-0.143
-0.175
-0.183
-0.158
-0.148
-0.099
-0.083
-0.093
-0.121
-0.12
-0.067
-0.027
-0.102
-0.095
-0.189
-0.296
-0.497
-0.692
-1
-1.23
-1.5
-1.66
-1.73
-1.81
-1.85
-1.91
-1.93
-1.93
-1.89
-1.8
-1.72
-1.59
-1.45
-1.38
-1.29
-1.23
-1.09
-1
-0.867
-0.788
-0.701
-0.672
-0.667
-0.697
-0.723
-0.765
-0.775
-0.796
-0.812
-0.799
-0.784
-0.784
-0.738
-0.702
-0.644
-0.608
-0.482
-0.335
-0.287
-0.194
-0.029
0.0969
0.2415
0.343
0.4827
0.5864
0.718
0.8848
0.9709
1.091
1.156
1.336
1.415
1.507
1.579
1.685
1.719
1.801
1.855
1.905
1.964
1.965
1.969
1.903
1.798
1.708
1.652
1.584
1.377
1.231
1.142
1.013
0.9185
0.7847
0.7395
-1.09
-1.94
1.166
2.493
1.388
0.2803
0.1709
0.095
-0.162
-0.472
-0.513
-0.629
-0.704
-0.925
-1.2
-1.48
-2
-2.17
-2.4
-2.42
-2.43
-2.43
-2.43
-2.43
-2.42
-2.39
-2.3
-2.15
-2.03
-1.82
-1.69
-1.47
-1.31
-1.06
-0.907
-0.719
-0.631
-0.544
-0.445
-0.408
-0.371
-0.361
-0.38
-0.424
-0.552
-0.668
-0.842
-0.943
-1.04
-1.11
-1.22
-1.33
-1.38
-1.41
-1.41
-1.32
-1.24
-1.11
-1.04
-0.889
-0.762
-0.644
-0.375
-0.243
-0.109
0.0205
0.251
0.3643
0.4941
0.5884
0.7683
0.8601
1.031
1.221
1.33
1.446
1.525
1.632
1.667
1.697
1.729
1.811
1.889
1.991
2.125
2.217
2.317
2.317
2.316
2.275
2.16
2.025
1.796
1.59
1.31
1.234
1.047
0.8157
0.7061
0.5615
0.4973
0.429
0.3569
0.2568
0.2002
0.1052
0.0774
0.0725
-0.048
-0.06
-0.191
-0.278
-0.438
-0.569
-0.696
-0.901
-1.23
-1.33
-1.51
-1.76
-1.91
-2.18
-2.4
-2.7
-2.72
-2.98
-3.07
-3.08
-3.07
-2.92
-2.68
-2.56
-2.37
-2.21
-1.94
-1.77
-1.51
-1.34
-1.09
-0.956
-0.812
-0.725
-0.716
-0.703
-0.703
-0.772
-0.848
-1.02
-1.15
-1.28
-1.32
-1.39
-1.33
-1.29
-1.16
-1.06
-0.845
-0.772
-0.55
-0.5
-0.314
-0.283
-0.249
-0.158
-0.097
-0.001
0.1492
0.3501
0.5173
0.8179
0.9941
1.142
1.244
1.357
1.446
1.515
1.616
1.631
1.634
1.595
1.551
1.502
1.468
1.503
1.575
1.603
1.623
1.623
1.679
1.667
1.616
1.536
1.464
1.421
1.491
1.699
1.864
1.895
1.729
1.559
1.238
1.08
0.9021
0.6868
0.4932
0.3804
0.2607
0.2539
0.1367
0.0171
-0.21
-0.544
-0.765
-0.955
-1.21
-1.57
-1.81
-1.98
-2.22
-2.66
-2.87
-3.05
-3.39
-3.51
-3.46
-3.38
-3.29
-3.2
-2.99
-2.79
-2.56
-2.42
-2.21
-1.96
-1.78
-1.51
-1.32
-1.05
-0.869
-0.634
-0.543
-0.471
-0.475
-0.599
-0.756
-0.887
-1.06
-1.15
-1.21
-1.25
-1.28
-1.3
-1.25
-1.24
-1.21
-1.21
-1.15
-1.07
-0.982
-0.842
-0.756
-0.615
-0.483
-0.302
-0.193
0.0837
0.177
0.345
0.5691
0.6619
0.8862
1.042
1.239
1.381
1.525
1.637
1.664
1.729
1.724
1.764
1.854
2.085
2.234
2.377
2.45
2.572
2.684
2.72
2.661
2.504
2.314
2.208
1.927
1.751
1.495
1.439
1.166
0.9597
0.7947
0.6763
0.4724
0.344
0.2556
0.1609
0.1101
0.0393
-0.017
-0.094
-0.171
-0.268
-0.349
-0.43
-0.571
-0.807
-1.07
-1.23
-1.55
-1.73
-2.04
-2.08
-2.19
-2.34
-2.57
-2.71
-2.93
-3.13
-3.18
-3.1
-2.95
-2.65
-2.55
-2.32
-2.13
-1.89
-1.74
-1.49
-1.29
-1.15
-0.946
-0.832
-0.692
-0.638
-0.603
-0.618
-0.675
-0.731
-0.835
-0.914
-1.03
-1
-1.01
-1.04
-1.05
-0.974
-0.952
-0.877
-0.781
-0.689
-0.549
-0.439
-0.287
-0.031
0.1584
0.2637
0.5164
0.6787
0.8223
0.95
1.147
1.261
1.411
1.583
1.651
1.764
1.832
1.997
2.104
2.301
2.39
2.476
2.548
2.688
2.754
2.714
2.457
2.328
2.063
1.941
1.672
1.429
1.166
1.048
0.8916
0.728
0.6606
0.5288
0.4504
0.3242
0.2739
0.1812
0.1533
0.0608
-0.003
-0.178
-0.27
-0.437
-0.647
-0.795
-0.969
-1.21
-1.47
-1.51
-1.54
-1.63
-1.98
-2.17
-2.38
-2.71
-2.86
-2.9
-2.87
-2.8
-2.7
-2.52
-2.42
-2.28
-2.17
-1.96
-1.74
-1.6
-1.38
-1.24
-1.03
-0.922
-0.838
-0.838
-0.886
-0.944
-1
-1.05
-1.09
-1.15
-1.22
-1.22
-1.23
-1.29
-1.32
-1.31
-1.29
-1.21
-1.17
-1.08
-0.912
-0.783
-0.578
-0.456
-0.211
-0.087
0.0837
0.2017
0.425
0.5796
0.7073
0.8923
1.079
1.302
1.419
1.542
1.64
1.734
1.772
1.808
1.809
1.817
1.916
2.006
2.156
2.244
2.341
2.377
2.359
2.295
2.134
2.042
1.897
1.726
1.572
1.341
1.177
0.9302
0.7659
0.5103
0.3599
0.146
-0.008
-0.281
-0.489
-0.653
-0.948
-1.09
-1.42
-1.58
-1.89
-2.11
-2.15
-2.23
-2.32
-2.45
-2.6
-2.7
-2.73
-2.77
-2.75
-2.68
-2.57
-2.43
-2.29
-2.05
-1.91
-1.7
-1.48
-1.35
-1.18
-1.09
-0.964
-0.894
-0.814
-0.782
-0.774
-0.765
-0.785
-0.78
-0.779
-0.826
-0.756
-0.932
-0.928
-0.948
-0.933
-1.02
-1
-0.92
-0.819
-0.743
-0.606
-0.491
-0.355
-0.233
-0.076
0.0315
0.1968
0.2578
0.3901
0.5315
0.6155
0.7312
0.8193
0.9204
0.9893
1.086
1.154
1.274
1.335
1.459
1.534
1.621
1.736
1.811
1.953
2.052
2.163
2.202
2.208
2.166
2.065
1.98
1.835
1.651
1.53
1.348
1.246
1.066
0.9463
0.7786
0.6746
0.5249
0.4236
0.2517
0.0923
-0.058
-0.291
-0.467
-0.7
-0.811
-1.04
-1.23
-1.41
-1.57
-1.75
-1.88
-1.76
-1.96
-2.05
-2.13
-2.19
-2.38
-2.51
-2.56
-2.56
-2.55
-2.5
-2.45
-2.31
-2.24
-2.1
-1.99
-1.84
-1.72
-1.58
-1.49
-1.33
-1.27
-1.2
-1.2
-1.15
-1.13
-1.11
-1.02
-0.962
-0.931
-0.908
-0.848
-0.783
-0.799
-0.606
-0.546
-0.463
-0.377
-0.23
-0.141
-0.031
0.082
0.1743
0.2881
0.4648
0.606
0.7336
0.8733
0.9331
1.073
1.219
1.353
1.479
1.664
1.753
1.837
1.887
1.896
1.92
1.953
2.026
2.098
2.232
2.303
2.329
2.265
2.135
2.01
1.808
1.614
1.493
1.315
1.219
1.117
1.037
0.9465
0.8574
0.793
0.6982
0.5828
0.4692
0.3525
0.1973
0.0781
-0.212
-0.388
-0.655
-0.873
-1.23
-1.44
-1.57
-1.78
-1.95
-2.12
-2.36
-2.64
-2.78
-2.89
-2.97
-3
-3.02
-2.91
-2.77
-2.52
-2.29
-2.17
-1.96
-1.84
-1.67
-1.53
-1.31
-1.16
-0.959
-0.843
-0.721
-0.657
-0.638
-0.648
-0.654
-0.681
-0.684
-0.682
-0.691
-0.684
-0.684
-0.673
-0.716
-0.723
-0.616
-0.598
-0.582
-0.556
-0.487
-0.427
-0.379
-0.276
-0.182
-0.052
-0.001
0.1133
0.1589
0.3228
0.3752
0.5266
0.5601
0.6799
0.7578
0.8447
0.9534
0.9978
1.046
1.077
1.126
1.153
1.173
1.191
1.217
1.223
1.219
1.23
1.217
1.21
1.203
1.195
1.181
1.163
1.162
1.155
1.148
1.137
1.123
1.093
1.038
1.001
0.9009
0.8486
0.7173
0.6101
0.4216
0.3401
0.0552
-0.127
-0.345
-0.533
-0.688
-0.889
-1.28
-4
-1.86
1.743
1.745
0.321
-0.521
-1.58
-1.75
-1.72
-1.93
-2.15
-2.11
-1.91
-1.7
-1.67
-1.6
-1.55
-1.44
-1.38
-1.32
-1.21
-1.06
-0.921
-0.836
-0.728
-0.722
-0.783
-0.863
-0.977
-1.04
-1.17
-1.24
-1.27
-1.27
-1.25
-1.21
-1.16
-1.08
-0.976
-0.96
-0.828
-0.643
-0.545
-0.453
-0.275
-0.196
-0.073
-0.012
0.0713
0.1025
0.1616
0.1699
0.2041
0.1946
0.187
0.1792
0.1658
0.2148
0.2241
0.2834
0.3232
0.4177
0.4846
0.6018
0.6733
0.7786
0.9062
0.9482
1.05
1.117
1.196
1.241
1.321
1.367
1.414
1.437
1.452
1.434
1.415
1.385
1.365
1.322
1.299
1.276
1.214
1.071
0.9541
0.7507
0.6277
0.469
0.1802
0.0564
-0.135
-0.271
-0.452
-0.668
-0.909
-1.07
-1.27
-1.46
-1.52
-1.57
-1.59
-1.59
-1.56
-1.33
-1.39
-1.29
-1.25
-1.16
-1.1
-1.09
-1.08
-1.06
-1.01
-0.981
-0.881
-0.831
-0.792
-0.786
-0.778
-0.786
-0.833
-0.838
-0.874
-0.918
-0.937
-0.936
-0.927
-0.896
-0.864
-0.819
-0.782
-0.726
-0.663
-0.587
-0.505
-0.439
-0.344
-0.286
-0.208
-0.145
-0.061
0.0107
0.0972
0.1943
0.2915
0.3794
0.4536
0.5391
0.6067
0.7434
0.833
0.8801
0.9421
1.04
1.142
1.21
1.312
1.386
1.501
1.567
1.642
1.676
1.675
1.671
1.662
1.643
1.591
1.484
1.396
1.277
1.223
1.136
1.044
0.9258
0.8596
0.7266
0.6492
0.5654
0.4202
0.3843
0.1504
0.1067
-0.075
-0.227
-0.359
-0.44
-0.579
-0.706
-0.601
-0.92
-1.05
-0.937
-1.05
-1.3
-1.41
-1.56
-1.72
-1.93
-2
-2.04
-2.2
-2.25
-2.23
-2.21
-2.12
-2.04
-1.91
-1.82
-1.68
-1.59
-1.45
-1.35
-1.21
-1.07
-0.993
-0.875
-0.815
-0.768
-0.737
-0.721
-0.716
-0.709
-0.722
-0.7
-0.667
-0.667
-0.645
-0.622
-0.649
-0.563
-0.504
-0.51
-0.491
-0.429
-0.372
-0.269
-0.194
-0.06
-0.017
0.1128
0.2161
0.3611
0.4451
0.6421
0.7427
0.9104
1.108
1.185
1.322
1.376
1.491
1.603
1.71
1.774
1.881
1.947
2.019
2.053
2.08
2.088
2.082
2.075
2.061
1.978
1.897
1.801
1.706
1.554
1.446
1.295
1.153
1.069
0.9709
0.9026
0.7461
0.6313
0.4636
0.2822
-0.043
-0.26
-0.589
-0.915
-1.1
-1.32
-1.47
-1.53
-1.62
-1.93
-1.95
-1.83
-1.96
-2.21
-2.2
-2.15
-2.22
-2.23
-2.23
-2.22
-2.15
-2.1
-1.99
-1.83
-1.59
-1.46
-1.25
-1.04
-0.893
-0.674
-0.555
-0.427
-0.385
-0.406
-0.439
-0.491
-0.509
-0.514
-0.5
-0.489
-0.492
-0.502
-0.483
-0.554
-0.536
-0.482
-0.504
-0.526
-0.487
-0.416
-0.369
-0.293
-0.202
-0.027
0.0837
0.1658
0.2383
0.3645
0.4971
0.6379
0.7224
0.8442
0.9343
1.027
1.133
1.217
1.276
1.354
1.454
1.521
1.637
1.712
1.816
1.916
1.971
2.027
2.066
2.095
2.1
2.062
2.057
1.966
1.857
1.667
1.482
1.366
1.209
1.119
1
0.9163
0.7375
0.6143
0.3706
0.1624
-0.099
-0.388
-0.556
-0.905
-0.959
-1.17
-1.26
-1.45
-1.29
-1.43
-1.58
-1.42
-1.31
-1.32
-1.29
-1.23
-1.23
-1.27
-1.29
-1.32
-1.35
-1.4
-1.38
-1.32
-1.22
-1.12
-1.04
-0.948
-0.889
-0.831
-0.813
-0.8
-0.793
-0.819
-0.853
-0.905
-0.993
-1
-1.01
-0.99
-0.973
-0.985
-0.958
-0.924
-0.865
-0.814
-0.723
-0.629
-0.556
-0.424
-0.337
-0.226
-0.165
-0.041
0.0427
0.1375
0.2766
0.408
0.4937
0.5344
0.6514
0.7002
0.8018
0.8672
0.9409
1.013
1.169
1.231
1.374
1.463
1.626
1.694
1.715
1.682
1.656
1.595
1.549
1.533
1.515
1.463
1.417
1.361
1.328
1.281
1.214
1.152
1.089
1.042
1.005
0.9224
0.8005
0.7495
0.6746
0.6514
0.4661
0.3481
0.2324
0.0242
-0.11
-0.488
-0.698
-0.941
-1.14
-1.48
-1.67
-1.85
-1.92
-1.86
-1.71
-1.63
-1.63
-1.67
-1.73
-1.72
-1.61
-1.5
-1.32
-1.1
-0.968
-0.8
-0.683
-0.583
-0.539
-0.447
-0.365
-0.243
-0.185
-0.113
-0.051
-0.042
-0.091
-0.159
-0.275
-0.389
-0.566
-0.672
-0.802
-0.868
-0.943
-0.977
-0.984
-0.966
-0.935
-0.892
-0.849
-0.772
-0.717
-0.62
-0.539
-0.451
-0.378
-0.195
-0.142
-0.107
-0.034
0.0486
0.1763
0.2546
0.3669
0.4219
0.5264
0.5481
0.7217
0.7668
0.8918
0.9873
1.079
1.148
1.233
1.363
1.448
1.553
1.617
1.778
1.842
1.879
1.865
1.845
1.835
1.827
1.764
1.708
1.625
1.575
1.499
1.456
1.358
1.265
1.184
1.091
1.003
0.9038
0.8372
0.7866
0.7451
0.7419
0.7134
0.7166
0.7043
0.7661
0.8162
0.8066
0.8291
0.843
0.8276
0.7954
0.7114
0.6165
0.6343
0.4941
0.0405
-0.042
-0.073
-0.425
-0.74
-1.08
-1.24
-1.3
-1.45
-1.55
-1.53
-1.64
-1.71
-1.78
-1.89
-1.96
-1.96
-1.86
-1.69
-1.55
-1.23
-1.11
-0.947
-0.876
-0.926
-0.926
-0.926
-0.926
-0.926
-0.926
-0.926
-0.926
-0.926
-0.926
-0.926
-0.926
-0.926
-0.926
-0.926
-0.926
-0.926
0
0
0
0
0
0
0
0
0
0
0
0
0
0
0
0
0
0
0
0
0
0
0
0
0
0
0
0
0
0
0
0
0
0
0
0
0
0
0
0
0
0
0
0
0
0
0
0
0
0
0
0
0
0
0
0
0
0
0
0
0
0
0
0
0
0
0
0
0
0
0
0
0
0
0
0
0
0
0
0
0
0
0
0
0
0
0
0
0
0
0
0
0
0
0
0
0
0
0
0
0
0
0
0
0
0
0
0
0
0
0
0
0
0
0
0
0
0
0
0
0
0
0
0
0
0
0
0
0
0
0
0
0
0
0
0
0
0
0
0
0
0
0
0
0
0
0
0
0
0
0
0
0
0
0
0
